0	603	596	578	548	539	532	533	513	494	497	505	483	461	463	445	443	431	426	406	390	397
1	552	557	554	575	592	608	611	617	623	634	637	660	694	687	703	717	723	710	732	744	746
1	746	770	804	794	818	824	831	831	849	858	864	875	877	897	892	896	907	907	919	924	950
0	432	433	424	416	411	396	381	376	377	361	361	361	349	331	325	300	309	297	297	275	275
0	363	354	341	328	319	302	289	279	256	245	228	226	211	204	197	188	161	160	146	139	118
1	425	429	439	460	456	443	471	476	499	489	507	519	523	540	545	545	555	563	558	554	569
1	463	461	462	479	494	501	518	513	526	543	576	592	593	599	603	607	616	625	623	644	663
0	374	383	372	383	368	354	335	324	316	310	313	299	259	262	248	239	234	223	205	197	191
1	553	572	590	581	577	592	603	608	639	642	669	670	681	685	702	702	713	712	722	750	754
0	403	388	392	389	371	363	339	324	302	281	271	264	240	251	246	234	219	220	198	179	176
0	663	649	636	629	622	627	608	582	556	544	516	507	498	483	463	451	442	434	438	414	380
0	506	492	497	491	475	461	434	425	432	437	436	422	397	377	376	380	360	356	369	354	332
0	627	619	631	620	604	590	577	559	544	546	550	541	535	525	524	518	520	500	504	498	492
0	485	482	453	440	426	415	417	409	382	374	357	370	346	337	325	314	305	308	294	273	270
1	511	522	528	530	535	547	547	556	580	606	618	610	615	639	637	661	680	677	689	711	702
1	633	645	661	666	672	683	689	696	695	681	680	696	716	722	724	726	739	757	761	745	773
0	577	554	533	520	499	493	490	485	494	473	465	450	432	425	426	412	405	392	390	378	373
1	425	447	471	479	485	491	491	501	521	505	519	516	534	561	565	572	587	604	613	605	624
0	673	651	642	635	612	599	585	589	564	534	504	503	489	474	465	467	435	430	416	393	383
0	366	349	353	339	335	333	323	293	284	270	273	250	240	230	214	199	182	163	156	158	151
0	488	473	463	447	453	440	437	418	424	416	420	409	406	412	376	377	364	326	312	298	293
1	432	428	446	454	463	462	467	478	482	508	531	534	552	547	554	574	576	584	587	598	623
0	592	581	580	578	564	540	538	519	501	493	491	481	473	450	447	431	422	390	400	412	403
0	533	525	506	490	469	451	428	418	404	385	368	362	356	352	338	331	331	332	328	316	302
0	574	557	532	519	509	500	489	465	474	460	456	458	446	430	426	414	389	375	355	323	308
1	302	315	322	327	347	355	370	386	403	410	425	434	453	459	482	495	509	515	514	505	530
0	476	470	473	463	456	458	443	437	460	431	410	396	398	394	377	375	359	336	338	331	335
0	532	527	511	497	494	472	478	456	425	402	392	370	370	360	355	353	352	342	352	353	352
1	355	349	349	344	356	387	392	396	414	413	427	427	447	461	481	507	513	546	556	575	596
0	603	592	586	578	578	563	542	544	532	514	518	498	486	488	479	469	453	446	425	411	402
1	412	410	435	442	444	422	428	440	456	459	483	497	499	516	524	543	559	564	582	600	605
0	651	642	633	600	578	559	565	573	553	546	527	527	513	494	485	470	475	455	446	447	440
0	527	517	506	499	485	458	443	439	438	425	416	385	376	359	353	358	340	324	323	309	302
1	520	529	530	529	536	535	539	544	557	567	587	598	608	619	619	645	654	672	669	662	671
1	484	473	462	471	491	490	493	508	540	543	571	591	619	603	617	626	650	645	655	669	661
0	565	580	566	544	531	525	512	498	498	481	462	450	441	443	431	434	435	417	402	407	392
0	647	653	627	632	623	606	588	584	565	561	550	540	518	505	499	486	476	464	457	456	442
1	575	574	586	595	628	628	648	656	667	682	699	697	702	715	715	726	739	739	750	777	786
1	465	473	485	487	510	517	524	527	545	550	568	577	582	608	623	634	649	670	690	709	731
0	366	360	340	327	313	298	274	263	246	225	214	209	196	201	208	208	201	190	187	165	153
1	338	338	350	355	365	379	385	394	412	412	408	428	440	464	467	466	471	494	499	509	530
0	638	632	618	603	598	590	587	568	568	555	542	531	519	510	498	492	475	472	457	437	440
1	460	464	454	464	477	482	488	498	499	508	521	522	538	559	567	586	587	607	613	617	625
0	442	428	423	390	375	367	354	330	328	322	309	292	278	255	256	253	239	219	200	207	200
0	247	232	220	210	207	214	218	212	201	179	154	142	133	142	144	120	118	107	88	64	63
0	426	429	398	394	379	359	349	336	308	288	265	252	232	234	222	204	188	179	160	153	137
0	393	380	372	371	373	375	347	339	322	323	305	288	279	269	243	231	218	211	214	200	179
1	392	384	391	404	412	417	439	448	471	484	476	488	499	510	512	503	500	508	522	547	560
1	593	592	605	625	644	673	679	690	706	710	714	717	733	757	764	781	784	778	802	818	838
1	684	696	703	718	723	739	738	735	756	773	778	786	791	806	802	817	836	848	866	886	894
1	625	609	608	619	627	624	649	645	650	670	679	701	717	731	742	764	781	799	804	826	824
0	336	343	334	326	308	289	285	283	275	258	234	204	187	174	170	168	171	151	140	123	108
0	431	411	412	392	371	355	351	346	343	333	311	310	302	303	307	295	294	280	262	259	246
1	411	417	444	460	476	483	506	519	512	529	524	535	530	533	546	562	567	582	602	623	636
1	419	425	447	455	470	478	476	495	492	500	498	526	529	548	553	565	593	608	615	617	616
1	514	529	555	570	579	592	596	596	609	624	638	647	638	640	658	651	674	693	692	688	693
0	552	546	541	525	523	525	508	482	463	454	441	424	417	400	393	376	377	378	355	342	327
0	292	296	287	274	260	244	244	217	221	207	214	204	192	175	165	159	145	133	116	101	96
0	569	566	562	563	548	560	557	541	519	498	499	494	496	483	471	454	446	432	424	437	428
1	600	607	634	645	655	651	665	675	684	684	702	696	700	714	728	737	750	756	783	790	809
1	517	514	517	531	556	557	559	592	594	596	612	614	626	660	689	679	677	676	694	697	712
0	544	522	505	490	478	481	490	475	463	448	456	434	428	406	400	395	379	394	409	406	381
1	521	530	547	558	578	585	597	624	625	639	639	638	637	658	653	662	677	682	685	690	713
0	406	418	401	396	409	382	377	380	351	346	327	322	310	301	305	298	312	297	291	268	262
0	542	527	510	496	492	496	497	497	472	462	452	443	440	417	429	404	379	355	373	366	353
0	434	417	422	414	387	373	376	376	365	365	346	323	304	295	279	263	258	236	222	218	220
0	476	478	473	449	442	447	422	403	386	400	394	394	401	386	380	386	372	370	348	342	344
0	599	587	577	561	571	561	542	526	508	484	470	476	463	449	431	416	398	378	361	363	354
1	446	458	456	468	475	496	511	529	557	558	582	596	595	603	616	633	627	627	656	665	667
0	619	596	597	564	537	533	525	502	481	467	456	463	458	450	437	446	427	424	427	418	402
0	575	573	551	546	537	558	546	540	533	517	503	514	509	500	475	458	437	424	419	394	390
0	348	336	334	323	313	319	290	282	273	256	242	239	219	216	209	195	175	177	162	148	127
0	687	683	675	664	660	659	655	633	630	625	623	597	579	560	550	538	533	524	497	483	469
1	521	536	533	549	569	585	590	618	623	645	679	706	728	757	762	774	782	799	813	843	848
1	528	532	538	546	559	576	579	588	592	599	622	623	649	664	679	690	697	687	695	718	725
0	469	457	454	444	430	418	399	394	377	382	347	333	318	318	322	299	293	299	279	287	298
0	455	440	438	425	415	391	377	365	362	340	311	312	303	284	280	262	247	234	214	220	213
1	449	467	479	495	499	502	511	530	528	530	541	558	564	574	588	591	613	608	603	616	629
1	316	314	327	345	364	376	386	402	398	402	396	425	438	437	445	469	479	488	484	497	516
1	535	553	584	576	589	597	587	601	609	614	626	638	658	649	668	669	694	709	729	734	731
0	490	475	468	443	443	433	425	417	393	376	355	344	340	314	279	263	265	264	266	271	265
0	613	599	591	572	566	561	555	547	535	524	508	481	467	467	452	434	417	398	378	362	355
0	590	570	560	535	512	509	490	490	481	460	450	440	436	403	372	361	330	324	326	319	300
1	490	494	506	502	521	526	531	556	557	559	561	574	595	602	622	651	661	657	683	692	702
1	488	493	502	500	502	512	503	523	534	531	523	530	533	533	543	558	573	558	568	559	564
1	512	510	524	526	523	536	540	567	592	572	598	597	610	624	630	634	646	661	663	677	684
0	585	559	550	533	537	529	508	512	521	496	487	489	492	482	464	448	444	444	431	412	392
0	368	344	337	328	313	303	293	268	252	246	222	221	213	213	200	174	175	167	163	153	127
0	399	399	393	374	351	348	342	329	295	275	274	244	235	247	242	242	230	209	195	201	187
1	646	660	658	677	694	708	710	725	740	753	775	766	762	786	781	784	808	832	811	841	860
1	534	553	566	567	593	615	634	655	666	674	664	673	680	693	707	722	743	737	742	758	779
1	461	476	488	486	492	508	519	538	555	576	600	602	594	607	624	635	656	675	673	678	701
0	404	402	402	388	376	370	358	342	344	311	308	307	305	290	266	255	251	254	259	244	224
0	661	637	614	588	584	574	566	554	539	548	546	531	517	491	483	459	460	429	418	420	408
0	493	477	458	441	439	442	447	425	423	393	376	368	355	363	348	329	333	334	322	312	318
1	491	487	507	525	555	565	578	607	601	627	617	645	672	688	687	684	704	718	722	739	755
1	542	564	578	586	594	595	620	627	629	631	654	644	645	659	671	679	677	690	718	724	746
1	356	368	366	378	392	410	422	433	463	470	479	491	515	519	508	511	519	539	539	543	537
0	751	736	734	708	699	668	653	645	639	646	645	618	616	596	589	578	570	557	553	551	521
1	476	489	503	511	502	522	529	528	539	538	538	535	530	533	557	574	586	598	603	608	619
0	711	700	684	665	653	643	640	625	621	616	595	581	562	561	539	536	525	532	519	515	517
1	414	426	422	436	439	456	453	484	497	512	526	536	556	568	598	608	625	646	656	676	686
1	527	553	567	572	577	590	596	613	623	638	652	674	696	714	720	724	746	764	757	776	804
1	485	487	488	508	509	497	520	533	543	551	540	561	584	594	592	599	607	612	626	648	657
0	411	413	416	393	386	371	353	336	333	327	315	305	298	291	290	259	246	246	216	208	196
1	441	453	467	489	493	502	507	522	533	543	548	545	539	544	542	548	548	564	577	580	599
1	444	447	459	470	495	503	510	531	558	561	569	584	596	597	618	620	632	638	645	634	645
0	462	466	460	446	447	434	414	397	397	385	365	345	328	334	324	334	312	298	301	304	297
1	532	549	582	593	601	600	599	608	624	637	648	664	666	656	663	668	673	686	704	715	727
1	676	686	698	698	706	723	735	734	754	777	779	778	797	815	815	815	817	809	815	836	864
1	412	422	410	426	428	436	437	459	472	482	496	509	524	530	530	535	549	569	585	595	587
0	624	589	574	556	557	544	546	538	535	536	521	511	489	464	461	445	432	420	429	428	419
0	515	517	531	525	517	503	482	462	452	440	444	432	419	410	393	368	351	344	330	331	318
0	541	539	517	516	507	499	511	510	485	474	475	482	490	475	454	461	449	426	405	391	388
0	545	538	527	505	522	529	516	486	481	465	460	460	455	453	439	435	422	436	408	385	373
1	435	447	459	465	473	509	521	521	525	542	571	590	582	611	622	637	649	662	675	693	708
1	443	463	463	454	456	453	457	465	474	486	478	499	493	493	505	514	521	526	518	537	558
0	418	383	371	370	356	354	357	337	330	330	308	292	274	266	274	264	245	222	217	212	193
1	427	414	415	438	442	451	471	485	507	530	527	544	555	575	590	586	592	600	594	594	590
0	390	393	375	374	378	366	381	375	357	343	333	321	329	345	344	342	331	310	301	298	263
1	602	604	602	616	625	652	683	693	711	729	754	776	801	805	814	825	835	840	865	864	867
1	519	550	565	568	587	597	595	610	626	615	630	640	631	633	655	652	668	682	697	709	719
1	577	579	590	587	594	602	609	638	642	638	655	672	674	708	713	727	738	743	772	806	833
1	481	484	488	502	516	536	529	560	555	577	594	603	615	642	645	634	635	651	647	653	677
1	676	688	706	712	727	724	744	752	758	763	742	753	764	782	795	808	816	825	833	834	832
1	593	607	604	602	611	617	627	651	657	647	658	656	678	674	687	697	699	711	719	739	746
0	643	643	635	639	631	605	595	572	561	538	529	514	512	508	482	471	450	452	436	420	407
0	418	395	395	372	352	332	323	323	312	296	300	303	280	269	262	249	251	234	210	200	183
1	580	581	588	615	630	630	646	658	653	663	668	686	680	691	700	718	724	732	747	736	745
1	587	594	599	603	618	634	652	663	666	683	683	692	703	713	739	753	771	791	800	802	805
0	597	584	568	563	546	534	507	496	485	474	460	437	418	403	386	383	356	349	332	332	312
1	505	523	520	543	559	558	540	540	552	553	563	564	578	590	597	606	604	599	612	587	615
1	594	622	642	650	665	688	693	713	721	731	743	739	720	721	745	750	768	760	760	774	772
0	400	400	405	403	403	398	382	374	361	355	343	321	304	302	298	304	282	279	267	241	229
0	696	700	693	684	671	661	637	628	627	612	598	565	567	554	544	534	523	500	484	492	485
0	614	616	606	621	613	628	616	609	589	572	558	545	506	502	507	508	512	505	510	506	491
1	520	545	566	588	598	613	638	648	663	688	689	692	703	699	715	723	751	772	778	789	794
1	477	482	487	469	475	476	477	485	487	497	508	508	502	518	515	536	546	569	592	607	623
0	272	289	288	298	280	263	261	244	264	257	249	211	211	216	203	185	186	177	184	197	204
1	317	335	330	341	374	360	372	387	392	398	406	403	413	435	462	480	472	501	512	532	512
1	390	406	415	430	433	440	460	478	498	521	527	549	546	566	584	598	624	636	636	671	682
1	512	519	522	529	555	580	602	617	615	618	624	622	634	651	651	655	673	688	705	719	744
1	674	681	709	720	739	757	768	782	793	803	809	829	847	874	887	913	933	938	962	957	971
0	523	521	535	537	527	504	518	504	489	471	458	444	435	428	428	418	401	401	402	381	364
0	483	471	479	480	465	460	475	456	439	424	403	411	406	402	400	387	378	384	381	354	352
0	635	641	640	618	600	589	601	615	601	571	549	541	538	537	534	522	508	510	494	478	470
0	378	369	351	334	317	305	292	282	251	237	215	205	193	186	185	175	159	153	146	137	135
0	607	587	569	554	555	535	523	518	518	508	503	488	470	453	452	450	447	436	422	414	400
0	579	586	575	574	560	542	533	539	523	514	505	494	494	482	472	441	425	417	419	394	393
1	639	640	655	655	657	667	670	674	691	707	716	712	724	733	740	744	748	763	786	812	827
0	542	533	523	514	491	488	464	452	441	455	448	446	447	433	414	415	382	368	368	344	341
0	486	486	488	494	488	481	467	447	421	428	414	404	399	372	355	348	343	340	333	308	305
0	380	370	352	338	311	292	315	301	294	270	259	253	237	227	218	209	197	175	162	138	122
1	507	523	533	546	553	561	575	582	585	593	616	629	651	652	655	669	689	692	685	695	705
1	462	474	493	503	514	516	523	507	522	528	535	551	553	561	567	591	596	605	614	614	623
1	525	524	547	545	564	576	581	593	602	629	634	652	662	661	660	672	675	690	709	729	747
0	423	394	393	379	353	358	333	331	306	301	284	259	247	239	228	240	230	230	224	223	217
0	528	527	515	483	464	457	458	452	451	442	455	447	437	439	442	437	427	408	389	371	363
1	576	595	598	621	633	652	660	670	672	697	723	723	715	737	736	755	753	771	781	793	796
1	528	538	559	569	579	589	605	617	622	651	662	682	701	702	709	701	723	734	739	758	776
1	522	531	548	558	567	574	580	590	596	603	590	598	613	628	644	652	663	701	708	725	753
0	596	580	569	560	530	523	519	508	501	500	504	479	468	451	437	436	425	411	419	416	399
0	602	587	587	573	573	549	553	546	530	527	517	523	534	518	511	518	499	488	466	462	468
1	668	679	695	702	716	714	715	721	719	728	736	748	754	758	771	785	810	808	826	831	858
0	314	307	307	305	291	279	265	243	243	239	230	219	219	196	177	140	133	123	95	96	88
1	546	551	586	585	602	609	607	605	622	629	632	637	638	658	668	685	687	693	713	717	732
1	479	478	516	531	547	552	551	547	555	581	588	603	604	611	639	645	636	632	661	680	709
1	427	453	452	468	486	501	508	512	522	520	528	532	553	557	558	572	598	602	614	627	615
0	578	569	561	562	553	558	545	519	513	500	483	474	457	444	432	405	381	356	344	333	326
0	783	778	764	758	739	747	725	714	715	731	718	703	686	671	668	651	627	616	604	598	589
1	565	567	581	572	581	600	606	611	621	618	631	647	670	707	706	716	707	718	717	716	733
0	618	598	609	603	590	596	589	587	587	570	563	562	547	539	523	513	509	495	483	478	468
0	563	548	552	534	542	549	548	539	543	544	521	504	494	497	480	495	488	479	473	472	465
1	439	474	463	476	489	501	506	517	525	538	554	570	574	602	596	586	590	589	591	604	600
1	436	453	476	490	497	498	494	510	537	545	559	568	572	577	577	582	605	601	595	602	615
0	196	195	184	196	180	182	166	133	131	121	115	95	77	74	72	54	50	41	24	19	18
0	486	487	486	484	475	481	478	454	454	430	437	449	455	430	431	429	421	419	409	405	394
0	473	461	467	445	413	391	367	347	337	324	302	307	282	285	256	252	262	259	241	235	227
0	572	567	555	544	520	535	548	541	539	536	535	514	499	476	474	441	431	414	406	402	383
0	503	499	494	470	461	450	416	405	379	358	359	345	337	344	349	348	350	339	317	308	288
0	669	660	650	629	618	613	624	611	619	624	606	605	598	591	569	568	579	567	565	539	534
0	468	463	458	445	426	425	425	403	387	370	352	330	325	317	311	289	271	273	261	257	258
1	567	580	602	617	601	613	635	648	659	656	661	680	699	704	698	708	709	717	742	726	711
1	613	635	644	662	654	665	690	715	728	730	738	727	746	748	756	782	789	804	805	813	827
0	549	550	543	538	527	505	502	516	514	519	497	487	472	450	434	414	406	406	405	401	401
0	579	582	566	569	572	549	537	520	493	487	459	456	454	442	416	398	386	384	376	377	369
1	499	512	523	525	566	569	601	616	629	630	626	621	635	642	648	651	657	664	674	677	682
0	523	496	503	498	476	468	467	459	451	443	442	443	434	435	429	417	406	388	373	365	370
1	465	468	471	484	503	534	550	567	560	572	574	586	596	605	623	639	649	656	672	697	698
1	538	552	560	576	564	581	593	614	629	642	648	643	646	658	659	667	685	705	721	734	768
0	459	446	430	414	412	419	397	393	376	375	379	347	331	311	309	303	278	288	281	266	247
1	364	374	386	388	393	397	416	445	451	471	483	487	513	518	528	545	542	552	566	574	580
0	464	445	443	429	416	404	379	379	381	362	343	327	321	300	299	294	293	285	281	288	275
1	306	308	328	344	352	357	368	375	386	400	410	410	428	439	436	448	483	493	520	531	528
1	745	774	779	805	807	826	828	841	861	890	895	900	908	911	917	943	947	959	954	955	972
1	468	493	497	493	515	516	536	562	583	589	590	588	590	608	605	613	627	641	661	647	660
1	507	522	544	545	554	555	570	564	567	583	602	626	654	660	665	673	666	661	677	693	702
1	544	557	572	590	618	618	617	648	651	648	660	665	666	707	722	737	739	765	771	762	793
1	414	435	439	453	464	463	468	481	488	495	496	530	531	520	531	541	552	571	582	593	604
1	543	557	554	560	568	587	592	593	609	622	627	638	657	659	677	691	723	738	767	767	764
0	510	489	482	479	456	453	427	421	415	404	399	378	371	351	339	324	310	296	291	290	284
0	460	447	438	432	414	395	387	381	360	368	371	354	363	357	347	332	324	326	318	316	303
1	680	691	709	739	751	776	769	772	772	788	795	815	817	825	852	847	870	881	873	862	893
0	408	401	389	380	375	352	354	346	337	317	317	308	284	274	278	257	232	229	216	204	199
0	614	604	591	571	566	572	578	560	558	546	517	506	502	505	490	481	471	455	441	425	417
1	471	485	492	497	499	511	515	530	552	556	573	581	609	632	643	650	660	663	682	701	714
0	422	404	396	399	383	359	343	318	303	298	313	307	289	286	285	280	264	259	242	244	238
0	266	249	233	219	210	194	185	167	152	149	137	127	131	135	145	151	135	122	89	70	55
0	613	594	594	580	570	539	551	531	514	514	496	473	471	470	464	461	458	436	439	426	406
1	426	431	440	453	461	466	487	492	494	520	531	527	538	552	564	576	581	585	604	601	619
0	664	650	643	640	641	638	641	629	624	627	618	620	603	602	604	595	592	569	578	560	526
1	468	493	507	513	518	507	512	532	556	566	580	586	593	593	596	594	605	608	605	620	622
0	532	532	504	487	481	469	455	429	407	380	379	361	357	335	329	299	294	294	286	284	281
0	306	306	303	286	267	264	247	241	221	218	200	190	183	166	160	153	156	163	161	142	123
0	465	430	434	424	410	387	376	360	342	343	330	329	328	317	299	288	284	282	269	262	243
1	564	572	578	589	593	605	605	622	634	661	669	675	685	689	694	719	739	743	749	755	758
0	496	492	473	450	431	405	396	387	358	372	354	358	330	320	311	294	293	298	277	260	248
1	628	646	650	670	667	686	703	716	734	739	744	751	762	766	771	784	781	788	792	810	821
0	463	465	468	471	480	468	468	469	454	448	429	407	406	393	394	379	367	362	359	346	329
1	506	522	519	533	548	555	570	580	591	609	614	612	624	636	654	666	674	695	724	748	769
0	423	413	394	372	356	352	357	365	359	351	339	337	321	328	333	314	289	280	281	273	251
0	420	410	409	400	373	357	353	316	312	292	278	256	250	235	213	194	178	175	162	156	162
1	482	520	522	534	552	571	576	592	609	637	654	667	682	687	719	733	740	755	766	779	784
0	300	307	288	269	248	218	208	196	178	159	148	141	121	112	105	88	86	61	46	32	9
1	512	527	547	548	580	608	612	624	629	622	636	666	675	700	698	696	722	732	737	732	732
1	658	670	693	728	749	751	765	777	790	799	804	811	822	831	841	843	849	849	869	882	872
1	452	478	490	492	492	496	501	505	494	508	541	556	590	615	630	641	632	638	646	672	667
1	472	491	525	530	550	558	575	590	605	604	617	621	626	641	662	667	689	698	684	706	727
0	634	633	598	593	580	561	549	547	553	538	515	497	488	485	461	446	441	444	437	423	413
1	426	425	427	440	440	466	466	478	498	505	510	519	528	523	515	527	542	571	579	589	582
1	399	423	429	426	435	444	459	466	468	481	499	518	526	540	562	568	567	564	563	580	585
1	643	669	692	695	683	695	695	695	697	721	715	723	726	746	757	758	752	755	763	771	773
1	451	454	470	476	509	523	525	543	554	547	570	572	589	599	583	601	594	604	616	625	642
1	601	616	618	618	634	647	652	649	667	681	692	694	711	732	740	764	788	788	792	815	819
0	442	442	436	430	431	419	406	396	390	358	343	302	297	288	260	261	250	254	253	271	274
0	508	501	498	498	491	485	469	462	453	436	438	427	418	392	383	376	372	362	360	354	341
0	584	571	574	554	555	533	540	524	518	502	495	496	489	468	435	412	393	374	379	372	368
0	501	511	499	494	485	477	454	453	447	418	413	406	397	390	368	350	347	364	347	330	330
1	620	633	657	648	650	665	691	712	706	718	739	754	774	801	814	817	826	830	842	859	864
0	539	530	511	496	479	464	438	418	418	421	406	399	389	360	341	317	315	296	298	280	257
1	527	535	538	542	577	586	607	606	595	609	629	648	673	693	680	684	689	692	698	697	701
0	511	504	518	522	507	489	483	471	471	466	445	446	432	438	425	413	389	392	395	397	381
0	458	452	447	441	414	410	409	406	406	398	386	356	332	312	325	306	305	298	272	254	237
1	604	637	642	639	646	667	688	685	693	705	706	730	734	739	734	751	762	753	772	779	774
1	567	593	595	607	641	657	661	667	659	674	670	674	688	704	710	725	732	731	751	753	755
1	365	387	420	428	446	447	435	459	467	484	484	493	517	539	558	547	549	578	587	589	586
0	560	552	531	531	532	503	492	482	463	445	433	412	396	381	366	356	329	316	315	289	277
0	594	582	565	539	531	519	508	498	475	464	479	470	457	453	446	442	438	428	439	422	411
0	499	472	466	445	440	427	427	403	387	360	366	346	334	318	290	273	260	256	261	270	257
0	688	684	680	684	657	656	637	631	624	620	613	624	630	634	628	621	611	589	570	554	545
1	418	426	429	441	450	442	459	478	495	503	513	509	519	531	553	570	599	609	620	644	667
0	467	445	418	426	422	413	411	386	376	368	361	337	322	304	296	290	271	265	255	254	238
0	636	627	620	610	594	588	591	584	577	579	564	559	553	548	535	535	544	538	519	517	505
1	407	422	448	472	465	472	485	505	511	529	539	556	547	562	586	595	604	625	626	654	652
1	549	556	556	580	590	612	633	645	657	671	700	705	718	716	736	743	743	748	755	764	778
1	644	658	663	677	692	693	701	728	737	742	760	773	784	785	793	803	801	801	809	810	812
1	409	416	437	451	452	480	490	496	500	506	515	537	536	528	521	536	536	540	554	576	583
0	585	583	570	588	569	554	533	539	528	528	519	503	504	516	518	503	505	492	474	463	451
1	451	452	465	475	484	501	496	496	507	521	523	532	546	568	580	608	618	624	640	657	669
1	471	486	507	518	540	551	552	575	595	606	611	610	618	625	637	635	645	647	657	654	664
0	426	432	429	404	392	385	388	354	348	336	337	345	345	337	317	310	295	290	288	284	269
1	610	618	621	626	644	654	675	707	712	719	715	720	722	744	737	755	766	782	790	804	804
0	473	471	464	465	446	445	459	448	430	436	424	424	421	396	388	388	364	345	337	324	322
1	583	604	606	610	611	612	599	596	616	632	629	642	643	666	676	683	693	700	718	728	736
0	438	424	417	413	388	382	364	374	364	337	326	316	293	276	262	249	242	224	206	189	169
1	597	604	602	607	616	615	643	640	655	666	670	669	669	667	685	686	706	717	720	734	744
0	449	440	438	417	396	392	373	344	326	317	307	291	280	276	267	282	277	279	257	254	246
1	578	581	580	594	612	637	650	663	690	693	704	706	706	703	727	740	756	743	752	758	762
1	650	687	690	717	720	728	736	752	757	756	742	741	749	763	771	763	771	771	781	802	811
0	614	613	593	586	590	588	574	563	539	531	535	526	512	507	489	483	476	454	452	456	444
1	528	533	535	546	558	569	583	594	599	614	606	629	634	647	648	660	678	702	691	702	700
0	481	477	468	445	449	431	418	388	400	399	394	393	375	376	366	357	343	337	323	322	323
0	570	550	521	490	481	481	454	440	451	423	421	410	392	389	398	391	391	395	384	364	355
0	706	701	698	687	669	653	639	629	607	617	595	586	588	584	575	568	538	518	488	479	463
1	461	479	487	490	487	506	511	530	548	563	582	591	607	614	624	626	648	664	689	711	715
1	506	512	508	492	506	509	522	538	542	552	557	571	585	581	587	605	626	640	625	633	627
0	564	555	546	546	528	520	493	482	475	438	416	387	384	378	378	376	360	362	337	316	303
0	438	439	445	431	422	410	397	383	374	373	355	338	334	323	318	311	302	281	268	274	276
1	438	443	425	430	416	442	451	446	463	459	476	495	514	532	554	569	562	560	561	546	570
0	289	279	272	278	258	237	244	227	235	238	211	188	155	133	154	130	137	139	128	116	113
1	356	357	368	360	370	387	400	423	437	449	467	486	492	498	512	529	554	554	566	585	595
0	485	480	493	476	478	465	460	446	433	433	437	423	425	413	400	397	377	367	361	356	348
1	494	513	528	525	534	553	561	552	549	559	570	581	605	606	617	624	631	643	646	644	645
0	618	627	611	588	571	565	562	551	536	539	529	531	538	523	513	494	499	480	489	486	470
1	589	609	630	641	646	650	666	660	662	663	662	673	684	687	716	719	731	725	722	739	771
0	432	415	390	372	343	340	311	299	276	272	283	282	266	249	231	235	228	214	208	186	186
1	465	489	506	518	524	530	526	554	574	571	574	586	584	600	615	628	619	609	613	613	627
1	356	383	398	415	427	439	463	477	497	509	509	509	508	522	534	558	578	592	602	595	610
1	573	561	550	554	546	578	593	624	627	625	647	672	689	717	752	755	747	760	763	780	788
1	471	500	513	534	540	548	563	557	586	586	592	592	612	627	632	638	648	662	693	719	728
1	519	550	562	574	598	581	581	598	603	604	599	608	605	619	619	626	626	640	646	669	678
0	500	498	502	485	464	453	432	425	406	400	399	379	380	370	358	375	373	345	354	346	324
1	614	603	613	619	626	646	660	681	697	705	725	728	743	751	766	779	798	815	830	826	837
0	546	530	518	497	483	458	454	440	431	428	436	419	409	380	367	375	374	371	367	350	339
0	444	439	436	420	416	395	387	397	384	378	383	389	377	374	367	371	373	358	352	341	340
1	646	642	654	654	659	679	692	696	700	715	749	765	773	778	804	830	845	866	850	859	889
1	317	331	335	339	348	337	339	361	361	378	394	400	411	410	409	427	437	461	454	468	475
0	503	486	490	478	487	475	478	477	466	441	441	438	434	404	389	373	359	340	333	318	310
1	435	464	482	467	464	468	478	480	499	515	531	533	546	552	561	569	562	575	584	608	629
1	466	469	473	482	503	519	521	522	542	534	543	538	543	554	568	587	586	586	585	594	611
0	500	490	463	449	450	447	455	444	425	428	421	421	422	421	416	398	386	375	360	363	360
1	593	599	603	621	638	658	653	665	690	692	693	681	695	705	729	728	741	731	746	747	749
0	556	533	513	500	485	480	471	469	444	448	449	440	418	416	401	369	371	357	333	329	316
1	419	432	455	469	501	511	502	510	520	508	518	499	501	505	514	518	526	530	549	558	575
1	400	413	426	443	453	467	474	499	517	531	559	570	583	592	603	599	616	611	618	636	625
0	609	592	581	580	562	555	553	539	517	527	515	489	479	462	464	456	453	458	424	418	407
1	517	530	534	528	546	555	572	583	589	593	629	638	661	665	649	652	667	665	668	665	675
0	402	383	381	371	376	361	363	351	338	327	341	343	323	303	301	291	284	297	299	279	281
0	577	552	556	542	553	541	548	538	510	503	496	484	476	469	485	481	481	464	459	454	450
1	427	418	438	445	445	439	452	471	468	469	492	506	509	514	533	547	571	585	590	602	603
0	512	512	499	488	477	450	430	418	399	380	365	368	355	343	332	338	321	312	299	291	273
1	501	515	536	552	570	563	582	587	597	608	620	632	636	649	665	673	671	668	679	687	691
0	378	374	370	355	347	346	338	312	298	289	298	295	276	257	242	228	219	213	208	202	185
1	608	615	612	630	632	655	662	671	674	683	698	707	713	719	727	746	755	764	765	778	784
0	464	453	459	436	418	422	414	417	407	397	404	389	384	374	355	356	326	304	301	283	257
0	477	467	458	440	423	398	400	375	354	342	328	318	309	294	295	277	263	256	269	262	249
1	462	459	486	498	507	518	528	534	551	552	575	601	608	621	622	615	625	628	628	633	635
1	502	506	517	546	552	560	580	593	589	595	593	601	611	616	635	654	658	672	670	686	689
0	558	544	547	542	521	509	493	492	466	463	449	442	430	423	411	408	409	402	402	397	383
0	431	427	417	414	407	382	376	365	374	368	335	315	286	293	293	287	285	275	275	261	254
0	397	394	388	398	396	377	361	343	323	340	322	320	300	284	272	257	247	222	206	189	174
1	598	624	625	621	627	635	654	679	693	707	719	733	740	758	770	774	778	783	799	813	817
0	469	445	442	443	428	412	408	388	389	375	365	347	346	335	316	312	311	300	286	279	286
0	384	388	376	374	359	353	343	346	351	321	315	304	283	271	254	236	218	213	206	180	158
0	347	331	311	298	279	284	287	247	251	256	252	247	249	248	248	262	253	240	233	223	210
1	464	463	453	477	490	487	511	507	521	518	530	540	549	541	545	575	578	584	601	612	637
0	281	276	251	219	214	234	228	209	187	165	148	142	128	118	117	108	95	103	92	102	82
0	409	395	399	384	372	362	357	349	341	334	323	310	303	290	284	267	258	258	256	251	239
0	428	425	402	405	383	359	365	317	323	307	287	273	261	238	225	197	176	186	163	154	142
0	503	477	469	458	456	447	437	418	409	402	393	370	365	351	340	348	342	312	290	280	288
0	710	698	682	675	685	682	673	650	636	608	597	585	578	573	575	548	539	516	500	496	493
1	445	466	479	483	500	515	538	546	542	549	549	563	579	594	609	613	619	625	646	654	659
0	571	555	543	525	512	495	483	485	462	460	441	439	438	421	408	405	411	401	388	375	365
1	567	580	582	608	612	618	615	620	624	647	652	655	641	650	664	677	682	708	708	718	751
0	554	550	544	529	523	509	512	503	505	495	490	473	450	448	454	450	437	421	411	403	405
0	524	515	497	489	469	459	432	426	417	396	385	352	343	353	352	366	361	365	358	352	343
1	342	345	346	360	361	385	366	374	380	388	404	413	426	423	429	437	450	444	458	482	492
0	682	665	646	634	620	605	584	582	570	554	544	525	504	507	487	475	474	460	437	414	412
0	508	518	494	484	460	463	445	432	435	437	414	405	387	377	363	352	344	354	335	343	321
0	520	513	512	492	474	473	456	423	384	382	393	382	392	379	364	350	347	333	324	298	292
0	484	467	470	449	448	452	419	412	379	366	366	361	349	328	331	323	320	299	289	277	284
0	354	321	325	314	285	274	273	273	242	213	214	196	207	214	202	184	158	149	142	151	133
1	633	644	649	659	675	674	683	680	703	711	706	720	714	713	714	722	731	744	751	751	750
0	558	547	541	526	518	508	489	486	485	479	460	455	437	439	413	415	412	394	367	367	364
1	296	297	306	323	329	356	371	393	434	436	444	463	457	462	476	480	506	530	550	540	557
1	563	576	594	597	614	625	614	634	644	642	645	665	658	675	684	712	717	712	707	700	704
0	530	514	505	505	511	501	479	467	455	440	436	433	424	421	404	407	399	401	386	368	358
0	433	424	415	407	394	392	377	357	365	358	356	342	325	319	321	315	295	271	259	243	236
0	473	462	434	441	441	417	415	383	372	365	354	337	313	292	271	252	234	213	200	191	185
1	414	435	436	428	433	437	443	450	451	465	464	454	463	474	482	503	503	528	522	540	530
1	529	542	550	575	581	596	598	605	620	642	650	659	673	688	701	712	716	734	733	748	752
0	511	508	519	498	501	487	476	472	465	462	450	438	428	406	388	365	358	354	344	350	341
0	435	432	412	394	361	353	330	337	328	329	334	331	328	311	275	258	257	257	249	237	229
1	333	340	361	364	365	359	356	368	377	395	414	415	444	463	480	475	481	500	511	507	522
0	723	716	714	711	703	693	686	689	682	673	682	677	669	660	651	624	613	603	590	561	552
0	601	586	581	579	571	548	554	535	519	513	488	492	471	468	457	432	428	424	413	398	387
1	424	453	462	475	498	515	545	563	561	558	582	591	601	613	621	643	658	661	660	660	677
0	443	429	400	395	388	380	362	356	342	343	322	301	297	291	273	250	256	238	225	222	200
1	422	447	463	467	479	486	477	495	506	515	525	535	541	563	574	578	569	601	602	613	625
1	510	528	540	562	589	591	603	603	618	640	652	654	666	676	683	695	678	700	706	721	719
1	448	467	476	506	507	534	539	548	552	561	570	597	627	650	649	647	649	663	662	682	676
1	419	429	437	438	449	464	455	458	468	479	478	487	489	510	528	533	550	560	557	558	581
1	362	365	363	374	377	396	407	415	418	404	411	418	410	431	431	442	447	451	477	472	480
1	574	603	623	629	640	659	667	684	701	715	737	741	749	760	785	805	810	808	803	806	814
1	632	645	651	649	654	660	668	675	675	675	698	700	711	715	702	704	719	739	766	779	772
1	578	582	600	616	631	660	671	696	718	733	744	752	756	757	756	768	770	773	783	798	814
0	465	461	443	432	415	417	398	362	359	344	333	328	302	292	275	269	244	238	220	210	202
1	534	542	527	520	531	547	571	589	579	576	591	602	602	608	599	591	582	576	614	625	634
1	540	567	575	593	597	603	589	596	606	627	629	641	642	636	638	650	658	660	674	691	708
0	381	364	348	340	335	333	318	303	289	282	276	266	247	234	232	229	208	210	211	208	188
1	668	677	705	725	738	727	737	746	748	761	788	789	790	800	819	837	840	838	864	855	863
0	500	485	473	467	463	459	449	426	429	432	428	403	392	382	357	359	350	315	316	278	263
1	493	516	531	543	548	564	563	569	575	589	602	617	637	645	649	643	658	671	679	680	696
0	500	496	473	458	443	459	436	448	439	426	416	401	382	374	358	343	339	329	299	280	271
1	425	443	442	452	461	452	449	458	485	497	513	506	519	540	544	550	567	598	611	607	608
0	424	402	395	376	353	346	354	359	351	343	326	302	301	284	267	247	236	224	221	224	220
0	445	448	436	411	396	389	386	385	380	381	363	350	341	345	344	326	335	330	329	328	317
1	723	721	728	747	744	739	730	759	756	763	780	781	798	790	830	842	850	860	863	881	890
0	432	424	406	412	411	418	405	409	403	397	368	368	353	358	357	358	343	345	335	340	309
1	573	597	615	615	630	622	624	621	644	665	689	690	705	707	707	707	713	735	741	750	754
1	511	512	504	520	549	549	542	559	566	587	605	613	621	619	630	660	656	669	688	686	695
0	486	471	464	460	447	455	440	427	414	407	400	394	380	372	374	368	335	309	296	275	269
1	370	404	407	410	414	421	430	426	433	449	452	471	479	486	489	485	487	513	526	552	562
0	400	379	373	347	336	326	304	293	287	281	265	255	256	244	250	224	222	197	182	171	159
0	559	552	529	516	490	487	461	459	443	438	420	421	405	394	385	392	403	395	399	386	366
0	526	511	498	475	460	456	450	450	434	404	381	364	348	356	359	353	344	326	302	291	289
0	518	489	477	455	447	447	444	440	421	409	390	409	396	380	370	355	357	345	337	325	325
0	429	416	402	388	382	368	358	347	325	325	314	289	275	280	275	264	248	255	265	265	266
1	505	514	529	550	556	549	570	588	615	615	617	616	623	629	621	620	622	609	611	631	634
0	543	552	534	529	525	503	476	450	448	442	419	408	395	380	373	359	350	341	346	336	331
1	631	632	624	650	669	669	687	700	709	718	735	728	737	748	764	781	811	804	812	818	831
1	555	578	590	605	614	635	627	639	670	692	701	731	732	737	751	742	753	764	781	782	792
1	357	367	376	398	399	425	424	447	421	434	457	458	476	498	515	536	538	543	558	576	570
0	578	569	539	523	496	490	489	458	438	438	437	409	390	376	362	351	348	347	346	344	331
0	541	530	507	496	480	469	472	471	467	445	418	417	411	406	411	405	382	359	345	351	347
1	496	506	511	504	509	528	533	548	557	575	572	578	604	614	614	619	626	638	655	650	636
0	603	593	574	566	568	540	540	533	534	518	513	524	515	503	484	469	454	435	416	410	403
1	475	486	492	486	515	536	531	543	546	573	595	606	612	631	651	664	671	659	671	672	678
0	655	654	638	631	616	622	623	610	609	598	584	584	586	574	554	545	538	524	516	501	503
1	356	364	371	379	380	378	374	394	411	430	453	465	475	488	508	533	550	548	564	566	578
0	373	374	365	356	356	360	347	347	329	324	310	301	288	274	260	259	251	252	235	233	217
0	384	372	353	352	318	309	306	289	287	301	300	293	302	294	276	271	265	268	268	257	247
0	314	314	312	321	318	312	313	292	301	282	275	236	221	214	200	190	191	206	201	202	182
1	506	528	533	541	554	564	564	584	593	600	605	606	639	653	654	636	641	640	660	671	677
1	532	550	580	594	614	607	610	638	638	644	644	657	660	672	682	691	725	737	731	748	750
1	460	451	470	471	480	497	507	498	497	496	490	481	495	504	509	527	526	544	548	547	532
1	485	504	501	498	517	526	532	542	557	569	571	572	561	571	584	597	608	610	615	627	633
1	593	591	607	604	622	642	656	656	650	663	665	672	691	678	675	684	707	711	732	735	732
1	548	542	553	561	567	579	594	621	645	656	665	674	687	690	697	720	730	739	746	750	759
0	670	658	640	628	620	614	605	602	600	589	580	553	561	567	560	551	559	547	544	538	517
1	604	612	638	656	659	671	693	697	706	719	719	750	749	768	789	804	820	827	844	864	883
1	543	548	553	548	553	544	556	563	575	580	606	615	639	655	664	677	687	715	726	729	737
1	558	565	564	570	573	578	599	612	629	639	646	667	686	703	720	737	753	751	777	779	789
0	501	499	484	483	472	458	445	452	430	411	413	408	398	388	382	380	374	356	332	325	332
0	484	467	467	451	443	437	437	423	405	385	368	366	361	373	364	371	357	335	314	318	318
0	566	557	541	534	527	501	496	486	461	462	442	448	434	442	446	439	435	429	422	403	404
0	600	582	597	583	568	571	570	570	542	527	527	533	525	506	482	457	456	446	430	420	417
0	426	425	419	417	409	389	375	372	353	360	351	348	346	343	344	307	309	314	312	289	277
0	536	526	517	508	513	506	502	480	480	464	458	441	429	415	395	389	384	373	361	358	366
0	513	495	482	472	461	449	436	422	409	402	376	374	350	334	327	307	262	238	213	202	199
0	486	479	468	476	465	469	482	466	460	450	439	432	418	400	401	376	372	374	380	376	367
1	496	515	527	531	548	569	556	569	573	577	595	604	610	613	635	637	647	657	674	687	685
1	324	340	342	348	360	394	393	394	387	399	403	418	430	438	452	468	471	489	509	530	535
1	426	405	409	429	426	432	437	445	445	464	478	499	511	526	522	547	568	574	580	601	599
0	433	414	400	386	378	373	364	349	348	341	323	305	294	296	282	260	242	228	229	234	215
1	716	712	710	725	731	747	769	779	781	807	813	821	818	818	820	821	847	848	849	874	890
1	599	596	613	621	628	637	656	659	666	688	701	710	726	745	740	756	751	760	769	782	797
0	418	392	380	368	370	371	369	359	351	334	324	313	309	297	280	263	242	216	204	200	206
1	325	353	368	367	388	397	421	436	440	451	474	484	486	492	492	510	525	539	517	532	538
1	488	506	502	508	502	501	512	532	545	560	557	560	583	596	619	621	618	637	665	668	687
0	521	502	500	500	497	482	459	452	433	444	433	435	418	414	395	385	390	389	376	349	339
1	384	387	398	385	403	402	408	411	419	410	434	461	478	494	506	519	534	560	576	574	581
0	465	450	452	446	430	408	389	381	364	332	334	345	343	336	334	332	309	291	275	274	268
1	738	761	779	802	827	843	852	870	877	895	900	916	933	928	947	962	970	976	993	998	1006
1	454	459	467	472	477	479	490	495	514	518	519	534	539	548	558	561	574	572	572	576	585
1	510	521	541	537	535	543	562	572	585	595	597	608	602	624	646	655	655	664	663	669	667
1	480	490	514	527	528	547	552	560	600	606	623	620	627	638	657	691	695	714	730	735	754
0	609	609	598	580	571	554	530	524	529	524	507	506	494	496	485	488	478	467	461	463	443
1	587	577	583	605	612	610	618	613	618	648	647	650	647	670	701	697	718	715	728	747	774
1	688	704	707	723	739	752	755	744	751	768	777	782	786	804	826	829	853	880	894	912	922
1	517	524	535	524	529	569	575	592	594	608	613	618	618	638	645	651	668	672	675	685	697
0	712	687	669	651	645	638	613	606	597	588	575	563	547	544	529	540	531	519	502	480	477
0	530	525	520	505	484	479	477	459	454	435	417	415	386	378	371	373	355	346	340	323	329
0	391	387	381	355	336	342	352	346	326	320	298	285	285	277	275	253	232	220	195	198	192
0	542	540	525	502	501	507	508	507	496	479	471	448	427	425	401	401	390	365	365	372	365
0	551	535	528	526	526	507	492	484	467	462	457	436	429	427	410	399	391	377	367	359	348
1	480	483	490	503	521	537	546	556	574	596	617	627	632	648	660	669	691	708	724	722	743
1	646	656	650	670	700	699	710	725	722	728	745	745	753	735	745	758	768	772	778	771	767
1	404	409	426	460	461	484	494	510	531	541	549	563	578	580	587	605	600	607	616	625	623
0	363	338	336	317	313	303	297	281	269	255	246	223	207	200	202	189	184	177	174	161	156
1	506	519	507	511	524	541	552	558	571	584	605	633	639	646	637	656	689	703	710	743	745
0	510	483	469	448	425	402	410	400	396	373	381	385	370	375	370	349	340	318	326	319	318
0	518	504	483	472	463	460	448	437	434	419	418	395	378	368	350	344	345	320	318	304	306
1	384	375	378	406	412	422	429	433	452	468	474	488	503	507	509	518	528	522	534	534	520
1	574	582	570	592	602	614	610	619	622	634	652	678	672	689	694	707	713	726	724	734	741
1	530	531	551	565	568	578	600	616	627	639	633	636	638	655	672	686	696	715	721	722	740
1	427	451	456	468	482	485	488	522	535	559	562	568	585	577	595	613	617	625	640	650	656
1	685	688	699	707	716	716	729	726	738	734	743	756	769	771	807	829	838	858	873	875	894
1	495	506	508	530	533	543	558	576	585	594	614	604	613	616	604	614	620	632	610	619	641
0	522	500	503	494	478	487	472	458	434	422	418	389	389	369	362	349	332	335	317	304	299
0	462	447	423	400	405	383	351	357	362	347	332	319	307	311	292	291	269	251	226	219	222
1	454	444	439	451	474	480	495	509	509	536	552	578	596	602	606	630	640	657	674	690	695
1	598	594	603	630	669	676	722	728	725	730	741	753	782	781	786	798	804	819	828	841	860
0	509	504	489	485	474	460	434	436	417	420	419	407	416	402	402	398	399	395	392	365	355
0	348	329	284	290	281	270	250	246	236	222	199	194	172	156	144	131	101	94	94	81	63
0	495	474	480	481	486	493	463	453	438	419	407	390	363	347	340	323	315	313	297	286	291
1	457	474	474	488	497	498	513	526	522	521	547	529	531	537	557	569	592	605	607	620	637
1	459	472	473	495	494	509	524	534	538	551	566	555	559	566	583	592	609	611	618	620	624
0	593	579	577	563	575	575	569	565	563	552	544	523	501	501	501	507	503	497	477	468	453
1	382	384	396	422	420	426	428	434	438	451	459	451	469	470	464	475	487	498	496	517	522
0	298	280	257	256	260	233	207	208	193	180	150	132	143	142	109	101	100	86	73	62	52
0	339	334	318	308	293	295	280	263	251	239	224	209	199	190	182	166	142	146	133	140	127
1	441	462	454	470	474	484	497	518	535	533	542	545	570	576	586	614	622	631	647	677	688
1	596	612	645	655	676	693	695	707	719	737	728	750	766	791	798	819	841	838	843	853	870
0	624	606	597	592	599	595	567	556	537	522	520	520	526	521	525	524	522	489	482	459	425
0	505	501	504	477	485	474	484	483	471	447	438	439	442	430	435	429	429	429	444	438	425
0	409	372	355	337	315	297	298	291	276	255	247	238	239	241	227	216	198	183	173	155	153
0	440	426	415	398	371	379	363	369	351	347	325	331	318	311	296	287	272	254	250	238	224
1	481	492	520	520	528	540	529	551	580	593	610	623	629	642	654	662	677	682	690	694	710
1	554	560	582	589	598	598	600	614	631	642	667	682	707	713	699	716	733	760	760	776	794
1	513	534	565	586	604	617	649	660	680	686	688	696	699	711	719	729	743	746	759	768	796
0	559	546	523	519	504	490	477	488	480	478	466	446	437	422	406	386	372	367	341	329	305
0	530	523	516	523	516	507	502	484	476	478	479	467	460	453	456	445	438	433	415	399	377
0	327	306	300	288	277	275	271	276	254	251	244	240	228	195	179	183	167	153	135	136	126
1	493	500	510	514	506	513	543	580	578	621	646	666	662	692	688	691	698	707	724	737	726
1	338	353	356	366	374	389	401	410	411	430	448	464	470	488	512	523	537	553	547	569	559
0	424	400	400	403	385	378	364	357	341	318	314	313	302	284	264	253	233	225	226	207	194
0	535	537	537	525	514	513	503	472	434	427	431	424	426	415	411	411	415	406	402	393	382
1	572	580	596	594	596	621	639	667	680	698	705	709	697	718	721	729	729	753	771	779	793
0	485	488	486	476	453	442	440	433	410	410	405	399	379	359	355	354	352	358	362	350	325
0	373	374	377	369	365	357	340	320	321	302	271	264	262	257	258	246	230	202	197	184	179
1	515	531	552	572	595	601	607	619	614	635	635	633	638	662	669	687	701	715	713	718	729
1	600	592	596	598	629	645	643	640	638	651	680	675	692	707	704	699	712	723	744	764	772
1	505	505	516	544	539	536	539	542	559	579	598	603	601	616	632	671	697	701	711	719	717
1	710	741	737	743	755	761	773	779	773	769	773	769	773	778	806	801	814	838	828	835	867
1	405	408	418	437	473	484	484	509	507	509	522	541	567	581	601	599	599	612	632	639	638
0	511	502	504	493	470	461	450	421	418	412	408	399	389	373	353	345	334	327	319	314	313
1	510	535	560	582	583	606	623	622	654	664	679	686	694	709	707	718	726	740	770	776	796
0	266	239	219	203	178	168	165	163	144	125	100	102	91	91	81	64	68	52	29	28	9
1	428	441	457	460	459	482	482	500	505	522	535	551	576	581	605	591	604	635	629	623	633
0	586	593	592	592	580	554	546	549	524	510	510	490	490	492	484	479	482	462	470	468	457
1	419	434	441	424	423	454	456	463	465	487	495	517	532	537	531	534	548	561	567	578	609
1	444	449	451	452	466	467	472	477	483	499	507	517	517	531	536	549	560	580	575	585	604
0	624	609	612	596	586	583	580	583	568	555	548	530	522	501	506	503	495	461	467	457	442
0	431	412	410	380	384	372	350	327	311	283	304	309	292	267	261	259	245	248	242	236	238
0	405	376	345	340	346	335	333	322	310	297	296	284	267	259	246	238	226	206	191	191	184
0	474	472	480	470	473	445	441	438	426	402	414	402	406	408	423	412	409	386	369	371	362
1	487	492	503	512	519	525	542	565	576	581	583	595	600	617	624	630	644	655	650	662	684
0	431	415	404	390	387	364	368	360	341	338	328	338	340	342	335	322	327	311	310	300	287
1	526	538	545	559	575	596	593	606	611	619	620	640	659	655	672	676	693	694	703	706	736
1	565	586	612	621	639	646	665	672	655	661	683	701	707	732	748	760	763	770	775	785	795
1	701	714	718	734	736	750	773	790	778	772	785	783	795	802	811	806	805	817	830	827	844
0	495	497	475	462	436	432	414	392	396	395	384	372	375	370	370	367	358	339	333	313	326
0	651	656	633	628	621	625	606	579	564	558	541	544	531	519	484	486	483	466	443	437	436
0	413	406	394	390	386	377	374	363	361	340	311	308	297	292	286	281	275	262	255	263	269
0	457	448	439	434	424	401	394	396	391	368	344	339	308	302	289	293	276	273	266	252	235
0	566	547	533	523	526	505	495	481	451	427	428	403	403	401	398	381	373	368	353	339	342
0	494	482	476	458	456	452	445	418	396	391	389	359	369	353	349	335	339	322	298	285	281
1	583	577	590	601	607	603	601	613	634	639	645	661	670	675	670	675	689	706	742	739	772
1	479	491	525	533	543	536	549	564	572	589	595	588	597	619	616	629	632	634	640	620	625
0	595	573	564	556	534	519	524	523	499	488	485	470	459	448	415	407	382	368	361	346	335
0	507	507	510	509	513	503	502	512	511	507	491	490	457	444	418	401	387	366	361	357	339
0	611	598	589	587	581	562	541	535	507	496	491	479	473	470	466	454	459	446	445	424	418
0	475	462	467	448	441	431	418	420	442	450	443	452	439	434	406	393	375	383	363	349	354
1	531	527	533	540	546	557	567	569	565	595	601	594	598	613	623	618	631	631	636	642	661
0	526	514	515	502	490	475	450	445	431	432	422	413	412	388	367	327	322	317	304	291	279
1	617	630	628	643	652	654	664	671	668	684	695	701	722	717	736	750	752	765	785	805	821
1	434	455	454	455	452	468	478	494	505	530	551	569	608	629	636	645	648	657	668	680	687
1	389	418	429	435	447	460	466	487	504	510	519	539	537	548	559	579	591	597	588	618	624
0	690	699	681	659	630	610	597	594	593	581	563	544	548	546	537	540	531	513	497	495	503
1	550	555	576	582	606	608	628	650	660	675	680	690	702	713	733	748	753	753	761	764	779
0	400	397	383	360	356	353	336	315	317	306	293	276	265	227	222	210	186	189	179	171	147
1	504	509	512	535	543	549	565	571	591	597	611	624	620	644	669	675	700	711	731	743	759
0	606	611	592	588	591	576	566	556	549	531	517	512	486	470	439	440	435	425	403	401	396
0	428	430	418	382	361	347	326	306	290	273	268	280	261	255	220	210	211	196	190	184	177
0	599	596	567	555	540	515	512	500	491	507	485	471	461	447	437	435	416	413	410	412	400
0	518	507	498	504	490	470	452	436	421	421	416	404	393	364	343	330	313	304	309	288	264
1	510	512	514	523	534	548	564	601	606	611	618	630	635	643	655	661	668	688	707	727	740
1	492	525	545	555	587	592	602	615	631	646	642	653	651	643	637	641	641	652	665	681	698
0	286	255	246	227	216	219	206	173	173	168	150	139	128	113	79	67	45	23	33	30	25
1	584	613	627	626	634	661	669	688	695	695	701	721	749	751	749	758	783	789	787	802	803
1	480	494	494	494	522	537	553	567	563	566	571	597	603	612	635	638	632	648	662	689	702
0	562	548	537	541	526	497	483	483	473	454	445	447	445	440	429	422	428	428	407	401	388
1	374	372	394	400	394	388	395	410	439	460	450	448	468	480	493	488	500	494	501	499	512
1	376	390	385	395	415	420	430	448	442	456	472	481	474	494	501	515	529	530	533	554	553
0	494	487	473	454	443	431	424	413	396	375	364	358	340	326	318	295	279	261	240	203	183
1	513	510	527	541	548	563	590	609	637	653	674	684	696	727	737	744	769	790	794	815	836
0	403	378	368	357	346	336	314	308	301	290	284	275	262	260	251	256	257	245	229	217	200
0	368	341	335	324	316	321	317	309	313	300	294	299	286	286	278	276	266	260	233	210	200
1	534	550	570	576	592	591	610	623	650	634	650	668	678	669	689	678	685	693	690	686	692
1	509	525	512	518	507	521	556	569	566	570	574	563	583	599	613	634	645	643	649	654	651
0	550	525	518	515	506	504	497	479	479	469	465	476	464	437	416	395	377	354	345	313	293
0	584	581	580	583	578	558	559	547	523	500	503	494	495	490	475	468	451	433	407	392	389
1	509	506	522	512	503	529	522	527	539	553	577	574	570	580	594	616	609	625	633	627	636
0	541	508	496	487	478	464	467	445	436	434	422	415	416	414	398	396	372	363	360	342	341
0	417	408	389	355	335	322	302	281	262	260	250	234	219	212	203	195	181	170	163	151	148
0	347	335	304	306	293	289	271	246	247	249	249	244	244	235	247	242	231	226	203	189	191
0	480	484	494	513	507	500	492	470	455	462	437	427	410	399	379	374	378	357	347	343	330
0	538	527	526	517	501	492	479	471	440	423	395	381	371	350	342	338	315	328	315	297	286
1	481	488	482	494	506	533	547	568	599	592	610	625	636	650	676	690	702	721	743	755	767
1	430	431	449	473	481	491	484	501	513	530	555	553	574	581	591	605	608	610	623	637	646
1	272	285	299	308	312	326	335	346	388	421	429	449	450	445	459	477	499	515	538	557	564
0	553	551	553	562	570	561	557	540	535	537	519	524	510	490	474	453	445	439	437	442	428
0	484	464	447	439	425	421	429	420	402	394	377	362	349	349	324	319	306	287	286	266	249
0	630	632	632	637	631	627	624	602	587	565	566	549	549	553	546	525	507	497	495	487	471
1	323	347	355	366	388	394	400	416	417	427	440	446	460	468	469	468	481	487	493	497	510
1	815	829	856	878	896	889	887	889	904	925	945	960	961	960	998	1030	1047	1042	1065	1082	1104
0	349	345	342	330	303	289	288	299	306	294	288	276	277	279	279	263	255	241	212	216	210
0	396	398	393	396	357	358	357	345	342	310	308	287	293	282	271	266	244	241	237	229	209
0	658	653	636	618	610	621	606	600	581	581	547	539	517	492	468	449	435	410	386	373	362
0	439	443	444	433	417	387	366	356	354	334	307	292	285	272	256	244	237	236	218	212	197
0	607	581	580	572	570	550	542	535	517	517	500	475	441	447	434	427	398	385	362	350	352
1	484	499	539	539	544	563	579	596	600	610	604	604	625	635	652	669	679	696	703	693	682
1	469	483	478	494	499	500	505	512	514	513	528	534	536	551	565	569	584	579	587	597	622
0	725	718	708	700	673	653	643	649	631	627	616	605	591	597	577	571	545	535	532	521	513
0	605	592	580	553	536	523	507	489	474	438	411	397	399	413	412	415	404	410	409	399	380
1	481	500	513	532	537	530	547	586	585	603	618	623	615	642	656	663	673	674	689	711	722
1	531	533	526	543	567	591	606	615	641	669	687	691	688	671	676	668	688	689	694	691	695
0	436	418	408	403	403	373	352	336	329	342	315	294	282	284	291	288	286	278	265	262	250
0	513	502	492	483	482	458	445	411	395	388	387	374	362	353	351	341	338	343	344	339	334
0	591	570	541	543	526	518	519	512	512	495	486	460	450	444	424	414	411	407	389	358	351
0	546	520	517	498	494	473	469	471	452	437	417	410	407	402	388	388	366	357	348	340	331
0	575	579	564	569	544	525	501	490	483	477	465	454	445	442	426	431	420	417	414	404	384
1	684	689	704	723	742	749	762	774	770	773	773	776	782	804	814	822	820	819	854	875	869
0	408	396	394	379	359	358	355	334	327	311	295	273	251	251	231	209	187	181	172	149	143
1	586	582	594	601	613	618	617	618	620	637	639	652	687	697	730	748	751	774	770	774	770
0	372	357	340	322	309	290	279	250	231	228	201	180	174	154	141	131	132	113	98	89	53
1	556	588	588	603	608	623	624	641	648	667	668	682	697	710	725	742	754	772	778	761	763
0	482	479	465	455	447	438	440	430	426	408	388	376	362	340	334	313	296	271	257	253	243
0	608	593	588	576	581	571	559	555	554	532	525	518	512	513	494	500	488	480	470	463	455
0	367	361	357	350	332	323	337	335	326	306	299	278	275	263	254	229	201	204	189	184	168
0	488	450	436	439	443	456	445	438	449	419	432	424	402	396	394	386	382	355	335	320	317
0	503	487	465	444	438	431	433	430	431	424	403	412	398	398	385	385	371	369	353	327	320
1	578	572	593	607	605	626	635	646	656	682	664	675	678	674	672	685	696	714	716	720	725
0	387	368	359	348	333	323	305	295	299	279	270	249	237	230	204	200	203	201	191	195	190
0	542	539	533	528	521	509	490	485	479	472	476	464	453	440	437	419	427	417	412	424	417
0	411	392	385	367	360	350	350	329	324	309	309	299	294	291	274	267	255	246	224	218	238
0	608	589	587	574	574	546	534	521	504	508	483	475	471	469	460	440	424	414	390	381	366
0	583	571	552	547	541	544	539	519	514	515	503	483	472	461	442	422	423	421	410	402	383
0	616	613	604	587	584	585	566	550	543	537	518	495	484	473	460	448	438	438	435	428	406
1	434	446	451	468	497	523	535	548	555	558	572	590	588	574	582	578	589	603	617	624	637
0	431	427	436	411	394	367	360	335	324	306	303	279	281	271	278	270	288	287	291	278	264
1	366	371	374	383	404	405	418	444	467	484	481	470	468	475	480	493	504	531	539	538	558
0	555	552	541	522	490	477	473	463	452	438	437	430	424	412	408	419	423	395	384	376	352
1	645	668	687	693	693	686	693	688	681	693	686	698	705	724	730	735	760	758	758	768	783
0	480	469	464	456	432	428	430	402	391	388	400	388	368	351	349	325	323	286	264	263	238
1	695	714	724	729	725	728	746	762	788	806	795	804	820	849	844	858	858	867	867	891	906
1	506	525	538	571	574	589	606	625	627	652	668	675	686	683	682	684	689	705	720	725	733
0	439	421	422	428	413	390	379	361	337	331	309	291	279	278	260	252	248	231	207	198	185
0	382	378	364	359	331	333	330	321	324	331	307	309	293	275	263	254	247	233	224	204	191
0	450	445	444	422	400	407	410	383	375	360	353	340	331	309	295	285	286	270	248	260	236
0	334	325	312	301	293	274	280	257	241	234	225	218	210	191	186	167	151	135	138	123	109
1	583	570	587	595	596	599	603	607	605	616	627	639	657	670	680	673	688	672	679	675	702
1	654	654	661	672	689	686	689	692	704	724	749	747	753	764	776	766	774	781	775	783	801
1	724	728	747	763	764	783	799	805	812	821	829	868	863	884	902	912	911	921	937	949	976
1	581	584	601	607	628	642	654	665	668	675	701	709	742	747	757	750	759	755	759	748	779
0	706	711	676	662	670	665	629	624	605	598	587	579	562	568	553	538	538	545	542	530	520
0	362	346	329	318	304	291	293	282	260	245	236	212	192	191	177	167	162	165	157	144	139
0	483	458	453	443	432	422	406	387	373	366	349	345	331	322	315	303	296	291	284	274	259
0	325	299	306	283	274	266	262	258	253	230	223	230	222	219	208	185	163	142	125	120	96
1	465	480	498	502	506	521	532	544	576	596	601	617	629	641	657	659	674	672	700	703	709
0	657	638	615	604	606	591	575	561	554	541	522	498	495	486	470	464	460	438	424	416	401
0	426	416	410	399	397	396	394	384	378	357	359	348	342	346	333	320	295	276	252	270	269
0	451	425	412	423	408	400	401	391	371	355	350	312	295	293	275	269	276	252	238	230	243
1	359	366	377	382	402	418	436	437	448	459	480	484	499	493	487	499	504	531	542	559	569
1	502	510	519	533	540	553	556	567	558	555	574	593	607	629	643	686	709	732	753	761	761
0	535	531	522	520	517	499	478	470	448	434	430	421	407	410	410	403	401	389	354	335	320
0	385	380	375	373	372	371	359	346	345	328	304	294	287	245	239	213	206	190	170	163	171
1	351	359	368	379	395	398	418	440	445	459	459	481	478	490	500	483	491	506	524	551	569
1	608	623	640	651	652	660	678	684	700	715	734	740	751	754	769	768	777	787	807	815	825
0	299	289	268	270	259	252	222	205	192	168	151	129	124	106	93	62	50	30	7	-7	-12
1	705	725	725	725	729	744	761	768	781	785	800	830	836	858	885	874	875	890	910	913	922
0	579	578	563	540	523	516	500	494	473	465	481	466	445	432	407	393	373	358	348	342	330
1	494	503	515	508	521	556	562	579	589	616	631	643	640	651	665	667	672	669	681	704	701
0	451	453	453	432	412	410	399	389	383	385	364	349	333	301	285	270	265	263	265	227	233
1	501	509	514	538	547	559	566	570	564	576	583	586	595	609	621	620	634	648	659	665	654
1	590	596	602	612	623	648	665	677	671	691	711	738	744	769	784	802	807	816	829	842	855
0	541	532	526	518	510	500	493	489	485	472	460	441	421	418	407	387	374	364	364	354	332
1	541	550	571	578	600	594	599	615	620	615	634	655	665	672	674	686	689	704	723	727	722
0	450	448	436	411	413	400	371	367	369	356	354	349	352	330	318	306	287	280	283	285	282
1	610	637	638	662	673	680	680	702	693	705	715	717	720	716	726	737	736	771	784	815	839
0	368	363	341	344	345	332	322	324	312	305	291	293	274	267	252	240	227	227	227	195	172
0	466	457	450	441	431	415	386	363	342	346	345	330	321	320	304	305	303	298	298	298	291
1	392	392	395	409	425	428	426	431	448	454	463	488	499	520	543	543	567	589	611	623	643
0	350	338	330	332	321	304	297	283	272	259	250	234	241	230	230	221	207	195	195	186	180
0	582	560	552	542	533	515	511	514	493	476	465	468	465	459	451	432	421	405	391	384	366
1	393	406	405	410	430	448	468	465	470	488	513	520	525	527	532	550	547	541	557	562	557
1	513	528	537	534	536	553	549	551	568	574	592	597	611	608	618	640	660	630	635	630	658
0	492	477	484	478	467	479	464	456	439	436	420	413	418	390	383	367	371	354	348	336	336
1	627	624	634	651	641	650	655	671	692	695	702	717	721	732	735	741	751	771	795	808	808
1	401	408	421	441	465	482	487	517	516	531	547	556	563	571	568	571	585	603	632	631	640
0	466	448	426	414	409	403	403	401	396	377	356	350	340	315	283	289	285	277	263	241	224
1	396	409	413	420	405	416	428	443	454	462	459	463	475	466	474	492	503	513	544	563	551
1	466	495	502	506	523	531	559	568	584	585	602	601	599	605	608	612	624	633	648	651	668
1	505	522	535	540	552	577	595	595	608	620	645	659	659	675	690	703	715	733	736	773	774
1	547	545	552	579	628	644	666	677	693	704	704	727	749	767	774	782	795	802	819	832	853
1	613	618	619	613	630	621	635	642	637	634	658	658	680	674	690	701	733	748	769	778	798
0	443	436	420	412	406	399	393	383	384	366	370	362	370	356	349	332	325	322	318	314	307
1	571	586	596	595	592	597	605	628	627	649	654	663	683	689	689	701	697	705	720	718	735
1	625	640	638	650	657	695	705	713	715	730	731	744	743	752	759	778	785	788	813	823	853
0	564	551	572	574	549	539	543	541	536	523	522	512	508	503	490	477	479	476	453	430	425
1	645	660	666	675	692	708	733	736	724	722	725	725	730	746	771	786	810	833	837	834	858
0	285	277	276	273	274	262	240	239	243	268	254	229	215	200	183	159	148	137	113	114	112
0	414	406	390	382	379	367	376	369	367	341	329	308	320	303	295	287	272	260	260	243	247
1	469	484	489	501	528	514	525	536	534	555	582	612	608	625	640	645	652	655	660	669	674
0	486	476	473	447	424	431	407	398	390	383	362	340	333	323	315	314	293	281	273	249	246
0	577	569	547	538	515	511	513	486	469	472	459	472	468	451	440	425	414	394	390	366	358
0	545	525	511	506	493	500	491	473	465	451	448	446	416	397	388	378	379	345	354	354	341
1	470	466	476	477	484	468	465	459	485	492	509	516	534	548	535	545	546	560	558	561	588
1	550	570	583	620	632	622	643	662	679	694	721	724	733	735	747	744	750	766	780	791	808
0	303	296	284	269	240	236	229	213	198	201	196	193	176	160	144	122	120	103	99	103	104
0	528	523	520	515	498	490	481	475	469	457	459	457	435	417	405	382	365	347	329	340	318
0	702	673	672	675	683	693	681	653	633	617	625	631	629	615	612	604	589	591	588	569	548
0	403	389	393	388	369	356	353	338	323	305	289	281	272	253	235	228	220	206	200	195	198
0	423	393	377	359	358	355	347	325	301	293	275	256	265	244	211	190	180	175	163	156	147
1	583	586	610	622	641	651	646	658	663	683	689	690	697	713	734	742	764	774	780	797	798
0	507	504	487	484	475	474	446	417	395	391	379	368	369	355	343	314	317	317	293	271	259
1	504	508	522	533	511	508	524	535	542	566	584	586	587	598	627	646	640	657	658	662	684
0	580	567	544	531	513	497	496	499	483	478	464	443	450	432	413	413	401	392	379	371	349
1	573	590	602	596	601	605	605	628	643	645	649	649	654	679	686	699	728	733	732	724	747
0	404	410	413	402	397	379	376	352	344	352	340	329	314	298	295	285	280	277	266	267	245
1	391	391	390	388	394	414	415	409	436	447	469	489	489	500	503	527	534	543	529	530	534
0	535	512	503	493	489	485	483	465	465	456	447	428	420	417	399	390	379	380	376	359	339
1	394	411	429	447	442	450	461	476	489	498	495	500	512	520	532	560	574	596	610	625	630
1	500	530	536	544	569	559	563	580	587	603	612	617	625	648	661	664	659	670	674	673	695
0	484	476	475	467	452	441	421	409	400	396	387	378	352	350	330	337	334	317	301	301	301
1	303	311	316	330	326	334	341	365	368	375	383	390	423	443	459	492	476	497	521	541	543
1	354	365	363	363	376	381	379	394	421	438	431	445	461	463	472	489	492	504	516	519	553
0	495	474	457	447	444	430	442	443	430	423	422	403	374	387	369	368	376	364	352	343	322
0	495	475	467	463	460	436	430	427	426	416	406	412	405	401	413	402	383	396	367	365	351
0	352	340	332	323	301	299	280	286	270	251	235	221	230	214	193	193	202	187	184	176	134
0	308	321	296	289	276	275	263	276	260	253	249	260	246	246	241	240	256	245	224	207	201
0	511	497	484	490	483	472	441	418	392	388	361	357	356	350	342	336	339	322	309	317	303
1	500	496	512	525	524	548	558	551	563	592	599	611	618	628	638	665	684	699	697	701	719
1	610	635	649	673	680	688	685	696	714	727	725	741	749	752	772	785	792	810	825	823	837
0	404	388	369	362	338	313	321	321	326	327	303	302	307	310	312	319	312	313	292	289	268
0	583	569	561	551	541	532	518	497	481	477	473	467	463	454	437	421	397	378	369	354	361
1	530	549	548	550	562	558	566	573	577	579	583	586	610	623	641	659	663	659	675	683	715
1	521	530	542	565	598	613	628	613	637	672	676	691	702	708	717	740	740	771	771	778	791
0	395	375	356	348	347	350	335	324	315	295	278	277	271	265	252	245	252	234	211	210	195
0	656	656	645	636	621	617	613	596	600	603	584	578	574	570	570	557	565	564	549	542	553
0	602	584	582	554	542	530	513	518	513	514	490	488	471	462	460	450	438	440	437	438	419
1	463	471	478	500	512	519	530	548	567	578	577	577	594	597	593	609	629	643	652	664	656
1	611	612	624	645	650	671	695	712	725	748	746	752	766	775	794	793	809	829	840	848	853
0	455	426	426	414	394	400	374	362	361	362	367	358	341	322	314	295	280	247	232	221	189
1	525	520	536	518	521	553	563	570	594	626	632	650	675	698	713	726	734	761	780	806	815
0	653	656	658	652	643	649	639	633	623	605	601	601	593	567	546	535	506	494	495	504	494
1	561	566	585	592	583	596	606	616	660	677	681	684	718	728	723	728	738	741	760	750	766
1	605	614	649	662	673	678	690	684	693	710	720	734	768	782	784	790	795	803	814	826	834
1	578	575	583	606	624	636	649	656	668	685	694	713	723	738	731	741	745	764	775	794	793
1	518	527	525	529	545	557	569	571	577	595	603	619	625	627	634	640	652	673	674	670	689
0	451	457	438	436	416	419	397	383	368	355	344	330	322	310	285	259	256	242	237	228	203
0	521	506	487	470	465	457	448	437	438	428	426	405	390	386	360	344	352	342	317	302	301
0	580	560	566	575	574	554	555	539	540	536	545	535	505	495	496	477	468	474	469	460	452
1	495	509	502	510	523	535	542	567	570	580	592	606	622	613	628	649	661	671	693	724	736
1	642	675	686	683	688	703	715	715	709	716	706	719	726	731	733	743	741	743	770	767	786
1	536	547	557	563	565	565	562	570	584	601	606	632	638	665	680	710	714	716	715	724	752
1	455	450	471	474	506	505	520	528	542	549	551	545	555	566	583	579	586	587	608	619	630
0	419	411	404	381	360	346	333	305	316	301	283	270	245	238	220	194	187	198	168	159	157
0	714	709	688	683	676	672	669	672	660	634	609	617	604	590	591	574	575	553	545	538	533
1	446	452	462	473	483	502	507	492	487	506	541	542	531	523	534	552	562	573	584	604	615
1	430	426	438	460	469	484	487	509	527	531	551	553	562	592	620	622	633	642	648	654	682
1	306	324	332	348	343	348	381	401	396	404	412	408	434	450	480	487	511	542	521	525	528
1	684	673	701	718	740	755	779	788	791	801	816	822	844	859	882	883	902	935	946	965	983
0	579	560	548	552	558	536	521	527	508	500	503	490	476	468	452	439	427	414	403	392	386
0	547	532	517	497	495	491	485	487	466	454	438	431	422	414	394	378	375	389	397	387	391
0	337	334	319	328	308	303	311	306	297	302	282	255	250	237	246	245	244	218	200	183	174
1	409	406	413	420	426	427	445	432	423	434	437	443	446	473	484	495	511	506	523	533	543
1	488	503	521	530	543	549	551	549	547	557	555	568	583	604	631	646	665	665	692	707	730
1	468	479	488	506	519	540	569	565	590	592	607	616	618	644	640	658	660	658	669	692	696
0	395	376	373	347	336	344	333	340	346	330	315	297	275	279	269	256	235	243	242	222	210
1	371	382	404	404	411	424	449	455	469	489	493	510	535	556	553	552	573	588	591	610	621
0	551	538	529	513	491	471	450	461	443	431	422	411	400	380	364	331	322	307	297	284	277
1	441	432	453	452	458	477	485	465	468	500	515	550	558	577	594	600	615	614	632	642	658
0	516	511	502	498	499	489	470	461	444	436	405	418	394	398	397	387	382	357	356	351	351
0	716	701	709	710	702	672	681	665	652	639	643	632	602	596	583	585	590	570	567	546	536
0	397	379	350	354	331	344	325	295	309	310	288	279	268	266	247	257	244	210	195	189	158
0	482	479	476	476	456	447	456	437	434	424	420	414	408	391	375	355	335	305	293	283	269
0	436	427	413	397	388	388	389	373	370	363	364	347	332	306	292	274	269	247	219	207	190
0	581	559	541	529	524	509	485	471	467	446	431	418	395	379	360	347	365	355	345	334	314
0	340	332	318	290	280	269	259	255	247	249	245	225	222	223	200	186	183	191	193	188	183
0	345	325	317	293	280	277	265	246	252	240	228	217	206	183	163	154	149	146	148	114	94
0	435	426	423	401	395	401	393	386	385	380	367	341	338	305	300	291	289	291	276	272	282
1	409	434	433	468	476	463	466	498	498	509	511	520	529	546	564	572	570	595	619	634	649
1	489	491	509	528	541	555	554	560	572	563	574	553	562	549	552	573	590	600	617	618	640
0	470	442	416	411	398	388	375	373	371	339	330	297	276	256	246	234	223	221	214	210	200
1	502	519	517	509	528	532	548	566	569	579	588	620	613	619	612	623	636	628	635	652	658
1	519	515	528	558	575	590	602	617	654	662	673	692	699	716	725	744	755	749	756	772	777
0	471	454	437	414	408	403	375	365	351	332	322	305	277	268	251	244	234	247	242	233	205
0	483	466	440	446	439	432	411	401	388	367	365	341	312	304	302	287	266	264	260	268	248
1	398	437	460	481	482	516	530	533	549	560	578	600	617	622	628	621	630	641	636	643	633
0	616	604	595	588	583	576	577	574	558	540	543	531	515	494	491	495	478	469	443	431	421
1	543	566	565	571	588	599	601	607	616	619	625	626	633	652	677	680	685	707	718	730	728
0	355	335	325	311	314	326	319	303	277	275	281	262	260	252	239	233	223	208	207	200	179
1	429	442	447	450	454	466	459	460	479	495	494	524	543	553	546	548	552	566	594	600	605
0	417	403	400	380	377	368	362	329	318	315	307	290	284	267	259	279	265	261	251	230	213
0	442	429	443	429	406	396	384	384	399	398	369	369	376	355	346	351	331	307	290	279	287
0	606	586	560	553	549	516	493	488	473	456	451	434	436	434	430	429	422	395	386	386	368
1	429	452	468	480	484	497	499	516	520	509	506	500	514	500	510	510	507	508	525	534	544
0	388	374	371	362	369	367	384	380	367	369	374	357	345	341	316	314	314	300	306	285	280
0	550	549	523	501	493	474	466	457	441	422	429	436	410	407	384	384	380	375	363	361	362
1	391	389	396	384	372	358	379	403	413	432	464	482	492	507	514	526	531	536	546	557	568
1	406	431	430	445	450	442	438	435	438	443	447	461	470	483	470	484	489	504	522	537	564
1	514	533	554	583	600	622	632	657	676	684	675	686	712	744	752	758	784	774	787	793	800
1	375	385	402	410	413	429	419	410	417	442	451	468	496	512	515	506	513	503	503	524	546
0	417	411	374	352	357	347	346	334	307	301	281	261	248	249	254	258	253	248	254	245	241
0	588	579	563	564	552	554	538	534	516	514	494	491	470	459	450	423	418	406	401	386	390
0	344	340	332	311	310	303	296	278	265	250	251	208	184	166	158	134	120	117	120	112	113
1	224	242	263	276	285	299	279	282	290	302	307	328	341	330	329	328	331	352	364	372	381
1	498	525	531	533	564	578	604	614	625	642	666	676	690	699	701	713	727	739	732	738	728
1	386	375	383	383	396	402	407	395	401	428	449	455	464	469	493	505	507	525	543	554	564
0	538	530	521	501	510	496	481	485	451	450	429	411	396	375	370	370	348	329	321	329	317
0	378	377	361	338	325	299	293	297	279	275	243	245	227	213	212	219	191	180	162	157	152
1	505	535	544	555	557	582	600	611	615	617	617	636	658	677	688	695	712	729	727	744	755
1	472	478	492	507	498	507	517	507	520	515	532	553	564	564	577	573	600	606	626	634	657
0	375	360	353	335	337	342	329	308	306	278	275	265	258	253	252	253	247	255	244	242	224
1	505	535	548	562	573	575	596	620	632	644	669	682	691	716	729	752	768	779	795	820	826
1	542	562	572	583	598	611	636	645	665	668	671	673	665	667	675	673	693	691	713	718	745
0	408	408	409	391	382	362	378	374	368	369	352	342	337	320	330	318	291	284	270	268	271
1	350	361	374	384	399	403	401	406	420	424	439	453	462	471	479	477	492	501	493	520	531
0	568	554	538	517	517	501	505	504	468	477	479	473	465	449	442	442	414	409	417	416	394
1	406	427	445	467	471	490	503	508	512	521	533	555	563	585	595	601	625	635	640	655	668
1	496	507	531	545	563	570	578	577	598	602	622	640	646	652	673	685	707	723	717	739	750
0	651	654	648	627	613	601	588	573	564	557	537	513	491	472	455	439	434	428	420	404	410
0	325	299	272	262	263	258	242	219	209	218	202	180	162	155	143	140	132	125	109	107	93
1	390	406	422	443	445	442	448	446	461	474	488	505	521	538	551	569	569	585	582	580	603
0	454	444	444	428	414	401	392	377	369	351	342	326	319	320	295	278	267	255	260	240	235
1	502	504	501	499	509	521	535	508	528	552	557	565	559	572	585	594	583	593	609	617	618
0	417	428	415	404	380	380	371	351	333	320	331	325	313	310	316	305	290	295	297	274	266
1	493	501	510	501	515	535	521	524	547	568	572	576	587	599	611	616	612	610	607	619	629
0	478	460	473	480	472	469	449	440	425	426	427	432	419	398	380	367	354	346	329	321	331
0	390	375	369	358	345	350	330	343	351	353	325	314	320	307	301	292	305	296	293	278	273
1	232	255	275	287	280	299	324	324	339	361	371	371	373	394	423	436	449	447	445	462	480
1	565	571	573	588	582	577	595	596	593	618	638	652	660	677	694	687	693	696	682	700	705
0	597	580	562	566	552	539	531	533	527	500	473	459	461	457	441	440	427	424	422	422	414
1	586	591	605	612	614	624	646	657	690	679	684	685	699	727	741	741	745	754	763	768	785
1	389	390	414	422	426	433	436	462	461	478	504	493	485	491	504	515	529	537	550	576	578
0	511	500	516	512	508	486	490	479	456	447	445	434	417	411	406	403	391	400	377	369	376
0	453	434	435	430	424	419	423	426	417	427	404	402	402	407	391	371	363	360	363	349	349
1	310	325	336	357	370	385	389	385	386	396	411	417	428	434	447	461	458	464	476	497	504
0	401	387	388	384	371	346	334	316	323	324	297	290	264	234	230	218	217	235	201	184	178
0	552	529	506	465	474	455	445	420	427	413	413	389	380	379	354	340	333	321	330	305	296
1	564	574	574	584	582	568	581	584	607	629	631	643	645	643	638	640	647	671	685	703	709
1	315	325	335	350	346	357	366	371	353	371	394	398	398	397	410	414	433	443	461	472	468
0	361	340	320	309	288	280	265	254	251	248	246	233	229	233	235	231	212	216	197	200	193
0	442	433	420	416	404	389	377	378	370	349	326	305	293	292	278	260	241	236	244	236	223
1	361	370	393	410	398	398	392	387	396	405	432	463	475	471	477	505	528	540	542	533	538
0	371	377	348	333	324	304	291	286	279	286	277	262	259	252	244	234	222	207	204	192	190
1	493	515	526	539	536	543	552	559	556	561	572	600	598	613	603	621	631	627	632	636	649
0	556	548	546	527	518	515	518	506	507	486	476	460	451	470	456	453	433	401	386	378	365
1	598	611	628	634	644	651	651	657	664	685	685	697	704	720	732	730	724	745	762	778	795
0	649	637	629	618	626	605	607	591	582	574	581	578	577	572	569	576	566	541	532	521	508
1	438	443	468	464	470	479	482	495	501	512	518	519	535	538	542	550	580	581	583	590	597
0	581	587	567	563	545	531	522	509	485	479	475	461	451	430	395	387	369	353	349	351	334
1	414	427	445	453	474	474	455	462	466	471	483	492	521	537	559	569	579	598	614	620	600
0	432	445	420	406	399	395	381	364	362	370	366	367	347	333	321	308	296	291	295	288	266
0	650	618	604	603	599	597	580	582	572	565	546	550	542	535	533	529	524	530	506	518	508
1	668	686	692	690	694	704	703	705	708	724	736	747	770	761	784	792	793	803	820	845	854
0	614	607	605	584	567	563	568	553	542	525	510	512	520	496	502	475	456	462	444	442	433
0	593	582	577	571	563	559	540	542	519	502	490	491	474	477	470	456	437	428	391	385	378
1	485	505	513	531	535	558	574	572	573	580	578	588	598	595	617	636	643	648	678	689	699
0	530	525	516	497	476	460	479	493	479	479	468	437	435	401	398	372	354	343	326	307	317
0	382	361	357	344	347	349	338	321	307	296	280	279	269	276	250	255	250	251	246	252	251
0	450	425	410	422	414	410	382	368	363	374	373	371	372	350	336	319	308	289	265	257	248
1	469	474	467	484	504	497	502	507	510	539	556	579	587	604	628	626	637	652	655	672	670
1	378	394	386	402	429	416	426	421	412	431	441	454	458	463	466	471	480	490	499	502	484
1	528	532	537	535	545	577	593	599	626	634	646	673	685	702	709	723	722	721	707	715	735
1	433	442	468	459	469	468	483	490	500	519	534	521	516	517	515	515	519	540	565	577	575
1	423	433	431	449	457	468	476	470	480	489	466	474	486	496	507	512	517	537	551	556	564
1	463	477	494	500	516	523	518	509	520	518	529	527	530	546	568	594	588	590	605	621	632
0	323	321	308	314	301	302	276	268	259	252	244	232	237	225	223	212	213	203	218	209	211
1	453	449	458	463	455	449	461	483	504	506	515	530	551	566	594	615	634	642	653	652	654
0	522	521	507	500	501	482	462	441	424	409	392	377	365	345	334	332	322	293	277	263	258
0	493	482	470	456	458	445	424	409	415	404	387	385	358	344	338	313	313	310	298	294	279
1	504	518	540	546	574	596	606	616	614	630	640	627	632	636	660	670	684	699	726	735	738
1	513	524	544	559	568	581	578	571	589	611	619	646	658	655	668	674	693	699	718	727	726
1	521	518	516	538	547	568	576	597	608	622	657	666	683	684	692	711	742	758	764	767	780
1	464	477	489	509	541	546	533	530	533	551	557	564	575	577	581	594	589	598	627	640	656
0	340	335	339	336	327	317	291	278	271	258	256	251	259	248	236	225	215	218	206	190	176
0	607	604	601	578	560	544	522	512	505	479	457	449	447	427	437	445	445	437	421	412	401
0	708	691	683	682	671	653	643	633	617	606	605	605	597	571	554	560	545	525	500	475	471
1	745	764	786	790	796	818	828	833	853	861	881	886	898	912	924	940	943	950	960	973	993
1	559	558	577	593	587	594	598	601	607	626	647	655	655	654	657	677	695	699	726	733	756
1	505	522	529	527	539	557	566	590	602	634	640	629	624	648	654	675	685	685	695	707	733
0	311	283	295	298	296	291	274	285	275	261	237	238	233	225	231	206	201	181	170	154	142
1	372	375	396	406	409	429	433	451	447	450	463	474	502	502	511	522	535	534	552	575	574
0	413	405	394	396	389	367	356	350	338	341	328	316	312	298	294	275	271	249	247	236	238
1	429	439	439	439	448	441	450	462	469	497	509	510	521	510	535	531	531	525	544	546	556
1	420	441	452	439	458	471	474	485	493	510	542	566	571	570	571	567	574	582	603	602	614
1	525	530	529	543	552	574	564	577	589	596	615	619	630	641	649	655	657	660	679	699	715
0	507	501	476	478	456	458	470	462	452	424	413	397	361	350	328	324	326	324	304	289	262
0	382	357	350	344	341	345	327	309	321	303	295	270	268	266	250	257	247	261	237	200	187
0	312	299	301	300	285	294	284	276	255	253	257	248	235	226	210	199	186	193	184	164	167
1	411	426	428	430	443	440	445	452	467	479	488	488	482	495	516	531	553	574	579	586	596
0	567	536	528	501	490	460	456	444	438	419	399	409	379	379	361	353	336	322	322	296	281
1	575	592	599	616	627	638	651	661	670	688	710	728	746	763	761	758	769	762	782	805	822
0	496	464	446	464	468	442	431	421	388	388	383	379	371	349	351	343	320	306	299	300	293
1	621	637	655	675	688	689	680	686	701	697	715	741	737	731	743	742	736	748	781	783	803
1	403	421	429	452	449	462	474	476	476	502	521	520	503	504	519	533	526	557	563	574	590
0	558	551	533	544	533	521	515	517	514	503	493	489	471	478	461	444	439	408	392	378	363
0	580	572	552	542	533	524	518	499	471	444	443	429	416	411	425	429	411	392	383	374	361
1	532	544	565	569	575	567	583	597	610	607	611	613	614	606	624	637	656	658	677	681	687
1	529	535	534	545	551	553	565	589	593	609	611	625	637	645	655	663	683	679	680	705	722
1	342	342	360	367	372	380	400	394	404	417	426	429	440	449	478	482	499	513	521	536	539
1	632	637	656	694	698	704	723	720	740	752	753	770	771	767	777	774	782	798	807	816	813
1	419	449	464	461	468	461	468	471	491	513	516	518	524	535	545	562	578	597	611	637	650
0	467	458	446	442	436	432	429	409	394	398	387	381	370	349	346	329	324	317	311	284	274
0	440	444	435	412	405	394	370	361	346	324	319	294	262	245	236	220	198	184	190	182	171
0	462	447	446	437	448	446	431	444	431	414	391	388	376	346	335	323	317	308	286	262	248
1	613	612	625	649	655	668	660	651	678	674	692	685	689	701	684	693	704	730	752	775	790
0	547	533	505	485	478	459	450	425	405	385	367	373	374	359	344	339	324	312	301	293	275
0	550	540	542	531	523	512	500	488	490	487	461	472	470	457	441	435	428	429	417	420	403
1	571	584	597	621	619	625	634	634	628	643	650	658	665	665	673	693	692	703	713	722	718
0	482	479	462	436	440	434	426	428	412	417	395	389	378	352	339	320	307	286	264	252	254
0	661	663	642	631	624	616	615	607	583	581	563	544	553	540	550	538	522	516	534	533	526
1	440	465	477	493	504	512	524	528	522	531	545	558	567	591	607	638	645	653	652	667	681
0	715	712	717	716	699	680	678	679	676	675	667	642	627	620	625	612	611	581	578	589	562
0	290	249	255	232	229	223	223	230	213	221	207	195	167	159	149	140	121	103	90	100	83
0	495	491	472	458	443	451	433	433	425	431	410	411	388	394	368	358	325	312	316	312	292
1	471	479	481	492	501	511	525	538	535	548	552	586	613	626	644	642	667	679	688	683	697
0	285	283	280	281	271	254	243	213	202	186	176	160	144	128	116	118	122	107	100	76	58
0	492	485	472	456	447	443	443	411	398	388	379	357	352	335	323	301	276	283	261	258	252
0	441	443	441	420	404	413	404	409	404	383	362	346	350	346	323	315	300	288	282	284	269
1	399	420	448	456	471	478	505	509	524	540	549	551	565	587	575	577	585	600	616	633	653
1	531	542	567	575	576	581	600	601	624	617	628	649	645	667	687	704	712	728	734	744	751
0	407	382	390	383	367	357	351	354	330	315	305	318	300	304	293	284	280	255	278	266	252
1	589	605	629	648	648	645	662	691	697	716	714	701	717	727	733	738	754	767	778	783	803
0	615	622	600	580	558	548	538	525	515	499	478	488	469	487	470	463	448	419	411	404	387
0	516	504	489	504	479	468	463	446	436	434	424	409	389	363	345	339	321	310	307	304	315
1	412	421	433	458	475	472	484	508	527	527	550	556	570	578	582	582	585	593	611	631	629
1	525	532	554	569	588	583	599	600	592	621	630	633	640	643	667	672	668	679	676	714	716
0	398	404	417	407	408	390	374	374	354	354	325	317	310	288	275	273	261	264	270	247	238
1	492	498	505	516	515	540	549	560	581	603	618	628	636	650	643	641	644	653	670	684	697
0	395	374	353	355	360	366	335	325	315	302	305	303	298	287	278	276	266	233	215	205	181
1	602	600	599	609	623	634	645	652	655	667	677	684	700	702	717	740	742	765	783	798	811
1	482	493	510	503	501	512	530	546	549	560	582	605	607	636	653	647	672	686	697	702	722
0	535	521	507	525	520	509	499	497	483	469	457	452	445	437	428	423	414	415	422	426	422
0	507	494	498	464	442	419	409	389	375	362	343	319	311	298	266	263	240	238	229	222	222
0	354	328	330	328	315	308	301	286	283	262	265	247	242	220	207	196	191	181	196	186	171
0	451	443	426	390	378	382	379	353	355	349	348	331	315	308	286	256	243	228	223	224	213
1	423	414	425	436	449	452	436	444	452	461	479	476	481	490	499	504	502	522	521	523	538
0	513	498	494	470	459	440	420	412	387	375	387	352	342	336	314	306	293	294	281	273	282
0	405	383	374	362	353	332	338	328	330	295	281	287	285	277	259	240	237	216	196	180	171
0	597	602	599	593	572	559	546	540	521	520	506	498	488	472	449	449	433	404	409	394	383
0	280	275	269	242	228	221	220	214	204	200	186	166	155	165	144	144	130	133	131	132	104
1	437	444	450	454	444	457	468	476	489	496	504	526	549	550	563	581	589	577	591	598	604
0	376	364	355	339	338	326	317	313	321	327	308	295	286	276	275	252	239	225	215	198	181
1	507	538	550	556	578	582	582	590	595	612	607	626	644	645	660	671	674	681	690	696	698
1	450	479	497	493	504	515	526	545	554	561	570	582	589	617	613	634	639	665	681	675	694
1	476	497	508	519	525	555	580	600	624	629	627	656	652	665	662	682	698	696	715	725	727
0	516	525	501	493	503	496	485	485	461	456	450	443	430	414	415	404	396	402	400	411	395
1	498	531	526	545	538	550	564	583	614	630	640	657	673	696	714	717	735	745	762	791	791
0	574	561	542	532	529	512	506	494	472	466	464	451	437	419	392	376	384	388	365	350	335
0	414	390	390	376	348	339	336	322	313	312	308	319	311	303	296	302	278	269	262	240	238
0	535	523	521	508	506	500	485	487	483	472	459	443	436	428	420	400	380	386	385	369	367
1	588	593	610	614	633	648	654	658	668	687	678	676	688	691	711	710	733	757	762	761	760
0	380	359	339	323	322	313	286	267	253	249	233	226	214	205	202	193	185	172	169	149	132
1	125	129	149	151	146	145	143	165	173	204	206	223	223	223	242	252	276	279	289	300	330
1	444	457	463	459	476	507	519	547	564	596	608	624	628	636	652	653	652	680	692	717	724
1	476	472	473	483	485	485	482	478	473	482	506	517	531	550	548	533	535	529	535	546	568
1	538	560	558	567	581	615	620	639	643	661	681	686	687	689	705	723	741	749	747	764	787
1	286	276	272	277	294	312	324	329	340	328	330	324	336	358	363	362	390	409	401	428	437
0	428	430	418	428	417	427	406	405	397	394	381	365	342	324	317	308	310	307	303	274	271
0	620	621	601	607	596	575	561	552	538	538	536	537	530	508	496	490	495	466	467	458	456
0	482	471	455	440	436	433	418	396	376	345	332	322	323	314	294	285	284	283	280	295	290
0	526	519	503	495	470	454	438	423	405	393	380	365	364	350	357	351	342	323	318	312	297
1	675	681	692	710	715	707	708	711	718	718	736	736	750	755	737	751	754	752	769	758	752
0	540	525	524	496	481	478	440	418	393	394	377	351	350	341	323	319	295	291	283	268	262
0	538	528	521	529	520	496	472	450	433	421	402	393	395	391	386	374	354	345	341	349	324
0	412	388	368	382	354	332	329	329	306	290	284	273	258	246	245	225	202	195	174	157	152
0	342	344	334	323	308	307	318	296	283	289	271	270	258	259	254	247	239	227	226	207	185
1	505	522	545	540	550	564	576	595	614	629	644	658	678	689	705	716	711	714	727	726	736
0	587	586	571	559	537	507	494	466	452	446	441	428	413	404	395	372	361	353	350	333	309
1	345	362	366	373	382	400	416	410	416	412	405	420	430	440	443	457	456	459	475	481	474
0	562	563	555	544	529	517	512	517	524	506	496	499	504	494	481	493	490	482	458	457	454
0	599	594	583	590	591	580	557	538	521	507	502	511	488	464	449	448	429	420	410	406	382
0	444	428	430	409	410	399	404	393	357	356	346	335	335	316	312	318	312	323	309	299	292
1	651	676	686	687	702	732	739	738	747	749	750	761	759	770	760	787	796	802	812	814	833
0	322	304	283	284	270	261	226	210	188	182	173	172	179	168	155	133	117	99	92	83	70
0	229	232	216	197	171	154	136	124	131	117	88	81	88	68	68	55	47	44	28	20	8
0	594	584	563	550	520	526	531	526	507	497	491	485	466	468	464	448	436	421	400	387	381
0	540	522	508	505	487	469	457	439	435	427	423	394	392	368	332	316	299	288	273	268	265
0	499	497	478	458	460	444	428	426	423	415	399	398	387	373	353	356	354	347	339	333	343
0	603	592	588	586	579	555	546	524	500	481	483	493	490	483	463	458	459	450	442	425	409
1	432	434	448	472	480	495	508	522	538	545	561	566	569	578	594	605	624	625	637	655	657
0	542	506	504	510	512	485	485	476	472	466	463	439	430	410	407	392	373	362	364	338	320
1	371	356	360	368	374	383	401	409	414	422	424	438	448	467	479	497	506	508	522	543	564
0	356	333	332	320	323	320	313	292	280	257	260	251	231	212	191	177	164	151	144	134	135
1	401	409	430	449	460	453	469	480	485	492	517	518	530	537	543	555	563	576	583	611	606
0	625	615	597	574	569	559	548	548	549	519	528	504	492	476	469	466	468	451	429	421	405
0	540	532	516	511	497	493	482	477	465	449	435	427	423	400	399	394	359	342	321	314	306
0	337	331	317	292	285	276	260	240	240	234	236	240	239	229	213	197	187	184	176	175	167
0	522	496	489	467	472	466	451	446	451	429	421	409	400	384	343	323	305	288	263	248	255
1	663	664	676	679	684	693	696	718	713	720	726	732	733	732	733	738	731	749	744	750	768
0	468	449	434	408	399	414	393	365	360	355	352	352	349	330	310	288	274	262	254	242	234
0	306	299	277	273	233	214	194	201	206	200	182	168	151	143	126	97	90	82	72	86	80
0	262	244	240	227	212	206	212	193	164	159	142	132	113	114	106	99	103	83	91	85	65
0	412	391	390	388	386	368	362	354	349	328	313	317	303	276	268	270	246	247	233	216	191
0	467	447	437	421	408	395	396	386	382	355	352	342	337	330	324	308	291	291	285	289	282
0	397	379	360	368	359	334	312	311	305	289	289	285	267	249	254	249	251	245	245	214	226
0	559	541	532	545	533	513	497	477	470	449	449	426	433	409	391	360	361	353	335	331	313
0	514	504	475	464	449	428	421	409	384	368	360	356	337	323	309	292	278	269	256	226	227
0	581	566	545	540	526	503	520	519	499	486	479	473	462	437	426	399	394	382	379	372	377
1	436	441	444	444	452	470	468	476	493	518	518	524	541	549	552	548	556	546	551	562	555
0	525	528	507	493	485	460	454	448	419	416	404	406	391	391	374	364	367	357	353	324	312
1	413	430	447	452	465	480	470	485	483	504	500	525	520	504	523	539	539	540	554	563	565
1	504	512	512	517	516	532	539	539	540	539	536	547	548	558	573	580	600	616	613	626	627
1	563	577	598	611	616	626	633	642	660	675	705	717	727	736	746	756	770	772	785	796	807
1	362	371	373	393	410	416	423	407	419	413	420	429	438	453	475	484	503	511	527	534	556
1	470	467	468	472	487	504	519	536	557	562	575	574	584	585	595	620	633	648	655	660	664
1	444	452	468	471	477	465	496	501	527	554	565	569	578	592	615	621	633	654	656	649	648
1	479	488	495	513	525	543	568	577	596	613	628	633	643	645	655	673	669	671	674	692	691
1	657	649	678	705	697	712	716	734	746	758	781	777	809	815	812	827	832	837	847	877	887
1	365	365	372	378	400	418	426	418	437	446	464	474	505	496	518	533	538	540	549	576	611
1	368	373	378	390	406	407	415	430	423	431	436	467	476	479	479	478	477	472	472	490	509
0	471	475	465	439	431	412	406	396	370	353	343	337	328	322	305	284	271	261	243	210	198
1	615	630	633	634	638	640	655	673	689	696	714	727	733	742	734	737	747	772	784	780	779
1	619	630	642	662	677	692	709	711	723	722	722	731	749	759	783	812	836	840	840	858	854
0	352	334	321	292	278	289	297	283	282	256	223	214	201	189	195	179	165	160	148	127	126
1	555	578	604	624	640	663	665	676	675	693	702	701	720	730	744	756	773	778	792	813	817
1	462	487	511	526	556	570	581	580	590	587	606	608	605	622	628	641	646	654	652	644	664
0	523	508	503	483	486	473	465	444	441	429	414	427	409	394	391	375	374	374	356	340	337
0	461	429	422	399	393	388	378	386	373	350	337	336	327	316	297	297	299	287	269	240	226
1	683	721	730	739	728	734	751	771	783	799	812	824	841	866	872	893	905	914	932	929	919
1	526	539	560	578	576	572	576	574	593	595	606	613	613	636	646	638	645	652	657	664	685
1	518	519	524	529	538	562	553	568	572	574	589	603	624	645	660	670	684	688	698	700	714
1	594	602	612	623	639	646	673	670	694	700	707	705	725	730	736	739	752	765	764	769	767
0	638	624	611	592	595	585	566	556	541	527	527	524	504	507	500	499	491	482	492	475	473
0	630	614	579	580	568	569	567	555	560	552	545	545	530	514	512	513	497	482	475	466	454
0	689	703	706	702	702	689	672	666	652	643	620	609	605	612	605	598	592	583	584	561	552
0	439	421	436	444	429	430	412	403	403	407	390	367	351	337	309	311	294	284	277	273	275
0	336	328	324	316	295	281	283	262	247	243	235	212	213	205	216	192	187	161	169	145	137
0	300	293	284	271	249	243	240	239	230	211	197	175	153	155	164	147	131	131	97	104	93
1	589	606	625	626	634	629	630	632	655	687	685	675	679	690	701	709	715	725	735	740	765
1	673	682	676	686	690	687	712	729	745	769	764	790	817	831	843	847	845	839	855	869	868
0	509	497	477	472	473	448	425	412	404	396	395	386	376	367	352	335	338	331	328	318	286
1	466	471	459	451	467	478	496	504	522	531	544	577	586	581	594	621	625	633	633	636	627
1	388	396	402	419	416	421	418	445	435	448	462	476	485	507	525	526	531	542	565	564	579
1	482	495	513	524	530	546	571	589	596	602	615	624	647	663	675	684	716	717	713	717	723
1	516	521	538	555	577	597	609	636	642	660	693	712	726	731	748	764	780	793	794	803	821
