0	427	433	437	435	426	428	432	430	440	423	424	421	429	430	416	402	399	398	399	389	386
1	448	443	446	444	438	437	456	440	443	434	431	441	443	442	449	457	446	448	463	452	438
1	599	595	597	609	623	640	636	625	626	620	621	626	629	620	608	611	614	632	632	640	649
0	649	654	646	645	646	645	645	648	635	631	638	637	642	644	643	640	631	641	646	637	628
0	403	415	402	404	415	430	452	448	474	470	472	472	477	465	463	445	466	455	460	461	457
0	701	700	701	702	708	691	672	666	673	674	659	645	646	649	633	635	638	661	670	673	676
0	360	369	359	372	387	380	371	349	346	352	350	370	349	346	347	340	325	330	328	325	325
0	457	452	438	436	416	418	431	419	422	424	401	390	363	363	369	368	383	376	378	380	372
0	540	541	534	541	560	551	543	546	546	539	543	537	530	520	500	491	489	484	498	506	528
1	521	527	531	519	540	530	529	526	531	528	533	518	521	530	524	518	519	514	513	519	528
1	837	841	842	827	823	819	825	831	824	844	858	836	837	843	846	852	842	848	837	855	848
0	560	548	553	563	572	555	551	557	565	546	554	556	547	545	551	558	559	553	540	533	534
1	543	535	535	549	563	581	582	584	572	581	570	571	572	560	573	566	572	588	586	585	572
1	357	354	360	363	366	368	364	361	357	354	360	372	368	360	354	353	329	334	357	347	368
1	382	390	389	408	413	421	423	417	423	429	442	450	428	437	447	454	461	467	484	473	481
1	392	412	411	401	391	409	408	398	396	397	384	377	382	376	388	384	377	368	349	360	373
0	476	459	453	443	415	412	405	396	394	396	387	371	381	374	371	388	403	397	399	396	396
0	551	543	529	523	509	519	518	524	509	502	508	504	510	501	500	508	491	473	475	476	461
0	593	574	578	577	567	548	568	551	541	530	551	547	551	548	560	554	545	540	553	549	557
0	572	568	570	563	568	555	542	542	530	516	537	544	547	547	540	537	534	546	547	556	551
1	494	478	463	467	476	460	473	477	475	479	502	494	493	478	475	451	460	471	455	438	450
0	372	371	359	363	373	378	377	371	379	380	379	387	384	394	397	408	399	392	379	383	374
0	643	623	633	639	652	637	654	651	655	630	653	661	655	662	655	639	630	621	620	611	621
1	356	354	349	352	337	335	334	346	345	354	349	342	353	341	330	322	332	331	346	346	352
1	568	561	564	572	589	590	582	615	609	615	610	618	637	641	663	644	655	671	672	695	719
1	452	447	452	435	435	438	448	449	452	463	476	484	477	479	479	488	492	485	488	486	491
0	393	375	376	365	368	372	362	356	336	332	327	319	321	300	296	289	285	290	279	271	285
1	448	462	460	455	477	468	464	470	476	481	489	491	491	481	473	476	480	492	478	462	450
0	589	600	613	612	601	596	594	592	603	608	606	599	599	583	588	587	582	583	586	573	575
0	490	488	477	478	498	496	481	472	466	479	466	464	468	466	443	451	443	442	436	437	455
0	359	374	364	367	376	364	361	364	373	374	369	356	333	351	356	340	347	327	329	329	328
0	351	358	357	349	346	343	341	337	320	326	319	322	325	325	334	332	340	324	335	331	328
1	509	514	511	495	477	472	466	488	501	506	512	509	514	519	535	547	558	556	563	561	580
0	487	505	508	510	521	500	504	491	498	507	498	480	483	469	472	470	460	453	453	451	441
0	404	410	418	413	411	396	405	377	371	370	393	383	376	375	356	350	356	344	336	337	352
0	639	641	632	641	641	645	657	660	663	660	666	670	665	667	682	673	664	652	659	670	659
1	437	436	438	433	430	426	440	447	445	444	458	449	441	438	432	429	445	439	439	439	454
1	328	332	339	324	318	318	315	326	319	322	336	345	350	327	342	352	344	337	345	356	360
0	526	519	520	514	512	515	509	499	488	491	497	502	515	515	513	527	519	498	482	468	455
1	537	548	557	573	574	572	572	565	571	555	556	567	568	568	558	579	567	579	575	605	614
1	521	514	514	508	535	534	554	555	558	549	557	558	577	580	572	556	565	568	573	574	581
1	471	470	464	453	436	436	423	417	410	411	418	433	440	449	454	469	468	472	488	491	512
0	449	461	452	457	456	457	475	479	468	470	461	455	446	458	439	450	443	457	449	478	494
1	561	580	585	576	573	582	599	604	616	605	608	603	607	606	612	615	625	630	624	630	633
1	567	575	588	603	595	595	595	602	586	585	598	595	591	575	574	581	582	580	584	597	605
0	510	523	540	537	538	541	529	530	533	533	533	539	540	536	533	522	517	516	511	523	528
0	665	655	653	664	661	670	678	687	694	696	712	711	699	691	683	676	664	672	678	672	671
0	365	371	378	372	366	376	367	370	362	364	357	356	337	323	312	323	306	287	285	276	278
0	391	397	397	407	414	414	416	413	406	401	410	414	421	430	429	432	431	411	406	401	404
1	483	477	491	491	506	511	537	532	538	541	528	544	542	528	538	544	564	565	562	571	587
1	558	558	584	604	618	619	616	617	621	610	607	615	619	623	608	619	613	609	599	610	621
0	457	450	420	404	412	405	409	412	405	401	403	403	398	399	418	407	413	412	412	396	393
0	704	699	695	686	681	685	677	676	688	689	667	658	650	638	623	607	621	626	622	608	613
0	621	615	606	611	603	616	614	615	613	607	594	596	618	625	641	655	659	656	648	646	622
0	650	646	644	647	650	663	658	664	656	683	666	684	670	661	641	628	627	629	621	622	636
0	540	518	533	529	537	524	516	534	532	511	515	531	519	522	502	504	501	502	508	498	507
0	464	462	458	477	459	444	435	419	429	445	435	435	436	428	431	412	416	420	402	398	390
1	571	596	595	600	586	585	569	591	595	599	598	615	613	622	622	615	623	628	631	633	645
0	523	537	531	540	532	531	560	541	531	540	558	564	555	560	550	562	561	563	559	572	578
1	561	555	555	550	560	560	557	567	581	584	595	633	620	620	615	623	630	629	638	650	649
0	580	582	581	578	582	587	567	574	567	564	556	543	548	549	563	568	571	572	571	568	553
0	473	464	447	450	450	453	472	470	478	481	480	471	471	453	445	429	422	407	415	427	416
1	510	509	500	498	497	486	493	497	502	508	508	517	507	507	527	528	543	550	524	528	518
0	425	429	425	428	425	423	429	438	446	447	438	431	418	406	401	409	424	420	410	421	418
1	542	541	557	558	571	566	568	578	575	588	590	586	571	582	583	597	588	597	600	602	603
0	370	385	388	394	390	391	393	378	372	378	362	359	335	329	324	333	323	326	327	315	295
0	575	575	568	568	553	560	557	557	541	541	534	531	536	512	497	503	506	504	498	507	501
1	471	472	475	481	482	491	505	516	530	536	505	518	517	508	512	499	500	512	517	514	503
0	494	494	484	488	477	475	469	451	455	453	449	444	437	431	426	421	427	430	409	403	399
1	540	538	545	528	519	527	528	521	506	514	526	523	536	555	558	569	590	591	592	604	601
1	498	506	513	521	513	511	508	509	521	535	554	552	553	546	525	529	511	519	512	503	501
0	463	464	470	458	451	428	431	427	420	411	403	399	395	382	363	374	374	364	354	355	347
0	326	319	311	292	303	318	308	306	298	295	279	282	280	286	286	306	306	300	300	294	308
0	492	486	498	486	474	469	486	489	474	466	481	488	481	498	487	481	473	459	450	444	440
0	398	426	426	426	423	415	412	420	423	444	451	457	452	454	453	458	443	441	451	467	461
1	537	545	550	552	550	537	526	542	547	545	552	550	557	562	569	572	573	578	576	558	563
1	493	479	483	475	480	460	462	461	467	473	479	487	478	485	501	495	498	481	481	494	499
0	426	426	407	415	407	407	418	408	414	430	441	432	442	438	433	425	422	428	433	428	406
0	550	545	537	524	515	516	495	491	486	477	483	486	491	497	505	513	518	530	524	512	515
0	332	323	331	348	357	358	377	370	346	352	374	367	372	359	365	347	332	319	329	317	333
0	440	435	461	440	451	447	460	443	443	451	441	441	425	427	409	427	410	404	417	409	412
0	433	419	421	422	423	416	422	420	403	414	407	405	378	378	377	372	370	356	359	361	357
0	406	391	385	379	396	402	408	396	404	383	390	383	374	378	364	349	350	356	350	353	364
0	522	533	543	550	558	557	546	548	530	535	540	529	518	513	502	494	490	495	497	493	499
0	389	390	370	356	363	363	350	354	367	348	341	344	335	344	336	327	316	315	297	289	278
1	694	715	715	711	694	694	709	706	705	703	716	706	724	723	731	756	744	731	745	767	771
1	563	563	570	568	571	556	551	555	553	562	561	570	587	597	605	605	609	620	616	618	605
0	520	528	529	525	518	521	513	519	510	507	518	511	506	484	472	484	485	484	493	502	513
0	606	624	629	627	618	590	600	602	593	596	584	582	601	600	589	575	588	599	603	602	598
1	685	700	709	714	719	707	708	723	724	716	729	735	735	709	713	721	720	717	736	742	757
1	398	391	388	402	406	422	416	423	418	434	429	432	434	441	441	433	434	425	437	429	436
1	541	553	554	559	574	554	566	570	572	565	563	560	558	560	575	572	580	587	583	579	592
1	724	725	736	729	741	749	749	773	771	779	783	792	793	795	809	819	816	796	798	812	801
1	505	504	494	487	481	494	495	490	501	490	501	498	502	498	496	500	497	484	493	505	505
0	513	528	543	549	545	535	531	514	514	532	533	520	532	547	546	539	542	544	567	564	551
1	679	696	703	703	706	713	714	704	707	709	700	705	703	704	713	712	719	704	723	707	691
0	630	629	633	630	625	631	634	627	635	631	617	637	642	643	627	622	616	617	623	619	613
0	502	512	511	517	515	504	504	493	511	503	507	525	537	521	521	511	504	515	516	500	483
1	482	490	491	487	502	506	507	512	506	495	485	497	495	494	498	505	489	501	496	510	511
1	397	412	408	414	392	381	382	381	374	391	386	386	389	386	389	377	375	385	392	395	383
1	700	706	707	713	733	738	734	738	738	737	741	736	736	738	750	737	746	752	760	752	754
1	550	541	541	524	534	536	523	550	548	549	551	551	562	564	565	573	570	574	581	593	581
1	651	667	671	688	697	694	695	676	677	672	679	686	679	676	687	704	697	695	698	701	699
1	634	636	644	653	662	675	680	688	688	675	694	703	698	707	714	728	724	737	751	762	773
0	485	497	486	501	487	482	472	478	473	464	459	467	469	465	469	468	447	443	456	459	446
1	470	480	470	466	454	469	468	462	471	456	473	469	490	473	482	505	519	524	531	536	539
1	487	499	514	533	546	548	554	554	546	545	544	532	517	528	523	534	525	543	535	550	559
0	537	534	541	535	532	542	549	529	533	521	512	515	513	511	497	504	500	487	484	485	486
0	356	356	345	342	343	355	340	320	316	307	310	306	302	294	295	305	301	298	295	291	283
1	602	592	571	575	585	591	610	612	629	639	654	657	670	665	670	669	662	664	661	665	675
1	442	439	415	417	430	433	438	453	471	463	460	475	474	493	493	487	482	494	489	484	478
1	522	534	518	497	506	493	496	493	498	503	490	479	488	487	486	490	493	483	487	501	510
0	456	463	460	464	456	419	428	428	430	428	443	426	434	438	427	438	429	423	428	422	394
1	356	356	358	356	359	359	364	359	373	386	406	414	417	409	419	423	415	418	440	450	477
1	455	456	459	452	452	443	431	423	430	444	455	462	473	466	473	462	464	485	485	471	471
0	498	505	495	499	509	514	523	520	523	523	514	516	507	519	520	528	509	509	494	494	494
1	285	300	309	316	299	316	304	308	303	315	330	309	301	311	298	304	296	309	318	318	323
1	541	538	536	543	555	548	537	542	543	551	568	575	568	542	543	531	532	525	537	538	523
1	671	670	668	667	652	650	640	643	647	657	654	663	672	661	662	660	677	673	685	686	698
0	292	294	279	276	267	258	258	254	247	251	250	255	242	238	240	224	218	199	204	220	199
1	487	474	485	492	476	468	499	483	478	473	464	467	466	480	482	491	488	486	487	479	487
1	608	620	612	597	613	633	630	622	615	612	627	644	656	661	672	690	686	699	701	698	716
1	388	381	375	382	387	383	384	367	392	389	385	391	389	398	399	404	402	411	402	410	412
1	445	453	455	453	448	470	464	470	460	484	494	487	492	498	500	499	502	498	498	512	515
0	447	459	470	472	475	465	463	448	438	434	446	439	450	457	459	450	473	475	486	486	498
0	558	554	548	559	545	525	521	525	527	524	522	495	485	484	475	468	444	435	448	439	438
0	275	271	274	275	274	266	258	252	244	239	245	230	224	230	213	200	203	199	190	184	161
0	510	502	519	502	501	496	478	457	461	454	447	433	425	437	426	445	453	437	436	434	426
0	331	320	320	314	303	293	300	290	305	288	287	277	272	250	265	260	264	253	257	248	252
0	543	538	541	552	551	558	561	561	545	541	527	521	519	522	537	538	522	520	510	529	511
0	509	491	518	521	504	512	514	494	486	467	446	458	453	438	440	435	440	428	437	429	433
0	524	524	511	508	510	507	510	499	504	523	536	527	525	525	515	499	502	498	481	482	471
0	535	540	543	534	533	521	529	515	496	489	486	480	491	488	492	483	478	466	464	467	460
0	528	528	512	515	513	512	516	495	503	488	491	484	495	503	506	483	481	482	475	472	471
0	435	456	466	476	472	463	461	456	465	455	444	449	437	443	436	427	421	413	424	432	445
1	540	557	552	557	555	544	557	533	535	532	524	502	517	504	504	506	530	522	528	547	538
0	475	477	476	479	454	444	448	465	466	461	452	448	466	465	463	467	464	452	450	440	443
1	641	648	652	670	680	673	694	697	706	721	730	728	727	743	734	754	767	771	755	756	765
0	746	765	756	764	760	784	763	764	752	750	733	761	761	758	751	764	747	749	741	750	742
0	468	475	473	471	477	480	485	476	484	486	487	476	476	468	470	469	461	443	433	430	429
0	464	456	456	456	453	439	447	459	458	437	446	443	447	445	454	447	426	416	410	415	417
0	519	524	524	533	546	547	553	559	549	544	545	554	559	577	572	578	582	581	563	563	568
0	292	284	283	295	274	280	279	269	277	257	249	259	268	280	283	281	283	285	266	284	281
0	601	603	604	595	591	583	583	587	603	607	616	617	612	594	585	564	568	567	563	545	523
1	478	478	486	498	505	505	497	498	504	502	541	541	550	550	565	575	596	605	614	617	623
1	438	438	446	431	432	440	444	442	430	428	429	425	429	445	443	439	451	448	461	479	468
0	574	558	538	546	538	538	527	529	527	533	520	520	528	535	536	517	501	502	493	488	489
0	492	483	485	476	460	442	445	440	440	430	432	435	425	432	435	436	444	438	424	433	426
0	553	543	541	542	536	522	519	515	523	522	527	524	517	513	535	528	530	517	509	509	500
0	493	493	488	497	494	498	507	503	496	503	508	505	514	503	521	510	497	496	515	520	506
0	634	623	614	617	612	620	615	626	637	635	629	621	620	625	628	618	620	616	619	628	638
0	482	481	473	460	447	433	413	397	392	396	396	393	404	405	384	388	388	392	393	401	409
1	712	718	712	710	739	758	771	750	754	757	764	764	774	772	776	767	766	759	748	767	778
0	437	458	479	455	454	442	434	416	405	400	413	399	402	399	399	398	405	408	411	409	416
0	497	509	504	509	514	501	500	499	515	506	513	514	498	493	510	496	488	494	498	490	467
0	478	469	458	446	446	454	452	444	427	406	375	386	374	360	367	374	389	390	373	371	354
0	361	358	342	336	346	330	339	337	329	329	324	323	331	337	316	317	320	331	340	343	349
1	617	628	638	631	639	638	644	638	668	660	652	656	645	646	645	658	668	658	657	664	643
0	321	317	313	297	297	318	298	281	272	269	257	258	263	253	253	256	254	250	213	214	211
1	498	509	510	503	492	506	509	526	526	528	543	541	537	520	530	518	518	518	529	535	542
0	460	453	456	452	454	454	444	431	415	428	423	424	409	407	408	407	420	417	428	433	430
1	407	408	413	410	405	426	415	413	417	409	409	411	410	423	422	423	413	412	413	405	405
1	577	574	554	574	577	585	589	593	595	595	587	586	593	600	606	608	615	627	645	652	646
0	542	536	511	507	502	498	494	504	505	507	485	482	490	497	500	491	490	491	490	490	484
1	580	585	582	579	584	592	601	605	618	611	610	602	624	637	638	635	648	648	638	636	634
1	515	512	511	524	522	531	550	556	553	580	588	592	606	617	626	641	656	644	656	667	656
0	610	608	606	609	594	593	596	589	582	576	584	580	572	565	549	549	527	497	494	488	497
1	597	610	609	628	645	654	661	673	672	668	690	691	696	687	690	687	691	672	664	656	645
1	426	421	424	409	418	418	418	411	430	424	432	431	423	416	418	422	441	431	442	445	436
0	405	404	401	405	400	384	387	373	364	357	350	343	338	321	319	330	330	325	343	349	358
1	433	450	453	449	446	447	444	436	430	434	430	433	428	433	441	441	425	426	411	413	411
0	516	532	528	522	534	529	528	539	548	539	552	560	575	590	596	593	594	597	614	609	613
1	562	552	533	535	551	537	533	531	522	520	522	550	553	549	559	560	556	562	568	580	586
0	371	377	386	368	373	374	360	354	354	346	345	348	361	362	353	356	355	351	353	366	349
1	311	314	308	306	300	301	297	317	323	327	314	309	316	315	321	312	301	315	324	341	348
1	377	371	361	361	370	359	390	409	404	406	420	407	417	412	410	409	407	414	414	419	415
1	418	416	426	408	415	423	416	412	406	408	409	414	432	436	445	447	440	450	447	448	439
0	560	561	560	542	529	531	543	531	530	525	519	518	518	534	526	519	495	478	483	481	493
0	446	440	433	440	441	423	406	400	411	404	398	384	377	372	386	388	393	394	401	401	400
0	371	357	348	351	355	360	372	373	383	388	385	377	368	362	354	338	327	319	314	332	322
0	300	301	279	289	286	296	293	294	295	284	275	275	262	260	244	233	227	231	232	217	217
0	409	406	405	407	407	405	411	410	400	402	404	397	392	396	396	378	397	409	414	420	428
0	446	441	420	417	414	414	409	415	408	406	425	420	422	410	392	392	387	393	385	379	367
0	507	515	502	500	486	488	494	469	464	462	471	486	498	518	503	499	490	479	490	500	486
1	544	542	527	517	520	521	537	563	565	559	582	577	567	563	578	567	557	545	557	556	556
1	537	534	532	544	554	549	536	536	543	543	545	539	532	535	549	569	581	584	574	566	594
0	667	649	658	676	679	671	668	672	674	677	682	666	663	666	669	664	658	662	663	664	687
1	376	375	390	392	397	383	372	384	383	383	383	391	393	391	374	363	367	356	363	358	370
1	421	413	420	422	435	437	444	447	456	474	490	502	501	518	514	526	542	566	553	559	570
1	702	699	719	723	741	742	741	738	748	743	733	736	731	732	731	740	729	715	725	730	718
1	527	527	550	537	516	520	519	528	526	519	522	529	538	536	540	550	544	550	560	550	549
1	508	508	506	509	510	508	505	489	498	495	497	511	516	500	503	507	515	525	545	549	559
1	563	560	552	543	524	531	533	540	549	549	533	540	527	517	516	525	530	539	540	541	554
1	460	472	490	485	483	483	492	491	494	490	492	508	495	483	485	463	463	479	475	463	482
0	473	469	462	471	482	495	495	500	491	485	474	479	481	453	431	422	424	424	412	419	408
1	629	625	614	613	600	601	587	589	594	580	581	572	577	564	566	581	588	594	598	585	575
1	433	429	431	430	433	435	446	446	447	448	446	444	448	451	468	479	465	471	456	459	460
1	631	624	635	639	643	638	632	644	643	640	649	665	644	655	653	659	653	655	649	636	623
1	517	533	530	528	513	526	519	518	511	516	515	516	514	530	544	544	534	535	528	516	541
1	446	443	436	435	435	441	460	470	470	461	454	468	465	455	467	484	495	489	489	481	475
1	350	362	341	341	349	361	379	397	399	407	400	395	402	402	405	413	414	408	408	404	403
0	461	455	426	410	417	408	415	422	430	423	410	400	399	394	372	368	361	359	356	358	345
1	536	527	530	539	533	535	529	534	538	555	576	592	592	586	577	572	585	603	585	589	575
1	313	316	330	322	325	327	319	345	340	333	330	321	320	319	316	316	312	325	323	333	323
0	424	430	427	426	419	393	378	375	381	369	370	347	332	349	346	352	365	356	349	360	367
1	490	511	528	544	540	538	541	544	535	541	540	567	562	556	547	552	536	548	569	578	574
1	536	516	498	500	508	506	504	499	517	507	521	516	517	529	544	559	575	595	594	599	584
1	646	630	643	638	648	654	642	646	639	639	610	604	616	628	631	638	628	624	651	660	648
0	397	400	401	380	370	365	358	362	360	364	347	346	356	350	345	334	334	346	344	324	322
0	649	622	633	643	625	633	623	614	623	622	616	617	616	629	629	634	640	632	633	636	641
1	614	609	614	604	602	615	614	625	608	605	595	598	620	624	610	620	618	609	631	638	650
0	541	543	542	541	524	522	526	528	524	516	531	525	517	507	497	505	497	510	515	517	521
1	509	507	502	484	483	493	485	495	505	497	499	508	501	495	489	470	493	480	480	480	483
0	538	541	519	525	518	527	513	508	507	513	519	510	503	508	516	497	502	495	501	489	478
1	332	347	352	360	363	363	347	361	364	378	384	397	393	396	399	409	415	428	410	429	420
1	478	465	479	489	504	504	515	533	519	532	539	535	531	539	531	521	519	522	520	546	532
0	561	555	553	554	551	554	552	559	568	571	570	566	552	542	545	532	539	537	536	531	532
0	564	576	570	573	574	561	560	568	576	567	571	563	570	545	558	569	581	564	565	556	539
0	487	476	461	469	463	467	465	446	447	455	451	430	438	418	410	400	392	403	407	399	398
1	534	530	539	541	537	537	551	529	532	532	532	530	541	533	524	522	515	508	503	499	502
1	517	521	521	522	528	518	517	533	522	516	533	528	519	507	514	535	521	517	517	514	518
1	671	680	679	664	684	676	687	697	684	670	679	697	701	704	702	698	684	677	669	675	680
0	465	466	461	457	456	457	460	459	445	439	440	448	432	412	406	398	406	394	397	381	402
0	534	531	526	513	504	488	496	512	528	508	500	489	512	516	497	496	470	460	455	436	426
1	588	583	580	565	584	565	558	561	537	541	551	553	561	545	531	536	526	536	547	561	560
0	561	564	573	555	550	540	529	537	534	525	522	516	516	521	509	500	515	506	518	512	514
0	508	500	490	485	493	489	491	470	471	459	476	476	464	438	436	444	441	464	482	453	462
0	438	444	436	423	423	391	379	381	366	366	366	355	356	355	348	345	339	336	342	342	342
0	525	524	510	498	488	494	497	497	482	489	476	469	480	493	513	499	504	511	515	519	519
1	579	576	583	583	600	601	622	627	614	639	633	629	638	650	641	646	651	657	680	681	679
0	545	543	525	515	496	506	500	503	515	515	523	537	534	522	507	513	499	494	486	483	496
0	580	600	594	587	571	564	569	587	597	593	590	599	589	593	600	596	594	600	593	585	576
0	373	372	370	376	365	361	363	336	336	333	318	342	337	313	316	314	323	327	328	337	326
0	558	573	568	571	553	545	553	552	557	552	551	554	566	570	566	556	562	565	542	526	526
0	351	349	340	353	351	340	354	353	356	351	343	332	318	325	342	340	320	314	310	303	314
0	574	578	577	578	577	571	569	566	558	539	541	539	532	541	537	546	550	546	545	552	545
1	433	445	461	461	466	488	484	485	486	494	494	497	487	484	480	464	468	470	460	451	452
0	649	635	622	612	619	613	615	620	620	618	626	632	631	621	623	628	612	606	592	593	588
1	388	394	385	388	366	371	372	390	398	391	384	377	376	352	349	339	362	356	337	330	342
0	397	391	383	380	361	355	356	353	360	356	357	356	344	349	340	333	324	315	301	295	296
0	432	414	415	417	416	410	395	378	368	363	365	368	381	370	365	368	357	356	358	362	360
1	503	486	474	467	460	464	476	486	486	480	470	471	474	475	492	488	496	478	470	470	478
1	491	502	511	511	516	509	503	514	523	529	524	529	527	535	552	546	541	536	533	539	531
0	659	662	661	658	646	643	636	640	636	605	606	609	618	634	635	619	625	619	614	606	592
0	522	531	534	542	540	534	525	529	523	528	523	524	536	541	544	552	547	542	528	522	509
1	641	623	627	625	620	627	633	652	657	667	668	669	681	689	681	692	692	677	679	677	677
0	341	336	325	336	329	329	339	342	350	351	347	325	318	313	308	306	308	314	302	315	306
0	302	307	302	309	324	316	298	297	298	287	277	276	279	281	275	278	277	273	262	272	263
0	560	562	572	578	584	589	584	574	572	565	558	568	569	558	552	550	536	537	539	543	534
0	564	565	567	579	575	570	576	563	546	536	563	572	584	567	568	567	563	553	544	553	548
1	540	532	542	537	546	571	554	542	545	547	536	544	544	544	548	543	553	576	586	572	570
0	612	614	607	606	596	597	590	593	575	583	592	594	596	588	574	564	577	593	576	565	558
1	526	529	527	533	541	556	555	556	578	579	569	570	574	579	586	592	600	611	617	606	617
0	482	479	484	472	464	478	478	496	472	468	462	449	463	464	484	477	481	481	486	481	483
1	557	558	561	555	552	544	534	525	517	532	533	536	524	516	525	529	536	544	525	546	555
0	591	594	593	580	590	577	570	560	556	551	536	537	543	541	527	544	527	535	534	532	539
0	615	621	620	619	609	601	598	601	598	585	553	542	541	542	541	558	540	544	523	525	516
0	506	497	503	505	485	481	498	496	519	518	531	527	528	519	507	487	493	489	472	467	466
1	471	484	485	477	484	473	472	483	508	507	501	491	490	487	495	492	493	501	503	504	508
0	334	315	319	299	307	313	314	308	320	322	315	321	327	319	315	324	310	319	328	333	339
0	705	705	702	694	695	693	701	688	692	694	707	687	687	681	668	669	670	660	653	642	636
0	336	346	347	331	334	313	323	329	322	325	310	306	288	282	288	288	291	286	301	304	289
0	546	545	534	527	511	503	490	480	464	458	442	445	450	441	446	440	441	426	432	442	433
0	544	551	538	542	547	542	540	539	548	551	544	541	547	541	524	527	515	509	516	516	515
0	539	534	523	539	548	550	541	532	529	513	522	517	513	507	495	496	489	484	483	486	481
0	438	448	454	467	467	467	464	439	435	426	429	413	412	419	439	427	415	410	389	382	362
0	502	498	498	506	512	511	517	520	535	542	537	531	532	529	521	501	495	484	497	491	482
0	287	300	297	292	294	286	288	275	260	247	233	227	221	227	224	227	214	208	215	200	200
0	475	480	471	479	483	474	471	479	479	498	506	490	500	497	512	495	493	470	469	446	439
0	463	467	458	453	434	434	441	420	416	424	417	425	432	433	423	424	429	431	410	411	399
1	578	585	592	588	595	606	607	605	612	629	627	613	616	639	646	659	662	661	664	670	678
0	652	649	659	662	667	674	682	667	668	674	654	651	648	658	658	649	657	664	658	656	640
1	492	498	486	497	489	494	514	532	520	513	524	529	540	543	532	534	543	544	551	566	584
1	554	561	545	550	547	569	581	565	572	570	569	575	581	584	590	621	623	634	654	662	660
0	409	403	395	398	387	400	406	406	405	409	409	407	385	372	364	371	380	373	363	376	387
1	257	244	243	252	252	254	259	280	295	308	295	284	285	301	319	304	294	287	278	267	278
0	287	266	269	250	235	251	259	275	279	286	287	292	279	283	295	286	277	274	273	283	272
0	312	308	323	304	291	283	295	289	269	275	277	257	266	255	255	237	234	221	228	217	219
1	514	510	510	522	537	544	553	559	561	556	569	555	554	583	591	587	569	578	588	585	600
1	397	408	409	435	448	458	451	463	445	458	448	460	452	466	487	484	498	517	515	497	505
1	590	587	598	613	619	616	631	640	655	664	689	677	672	686	685	690	674	682	705	713	707
0	431	447	443	445	442	437	457	462	478	468	443	443	436	437	445	444	437	434	463	450	446
0	533	533	526	527	525	505	499	496	504	486	484	488	484	474	474	453	447	440	425	426	418
1	622	631	628	621	621	620	614	646	648	653	644	639	644	651	666	697	687	692	689	691	697
1	467	478	486	480	475	477	483	480	490	499	504	512	493	486	497	511	516	527	533	539	556
0	691	690	671	687	683	657	650	649	654	654	658	643	639	656	644	640	634	620	603	600	606
0	550	551	562	567	557	564	560	556	564	561	547	549	562	559	550	543	536	523	519	527	523
1	489	491	494	490	481	487	479	470	465	465	453	470	472	481	492	486	470	471	484	496	503
1	514	520	535	545	554	549	553	555	554	541	522	523	519	520	530	530	514	520	510	505	494
0	422	420	405	410	417	421	423	418	429	442	440	433	424	427	414	416	422	429	421	402	410
1	454	444	455	468	483	484	475	475	467	474	476	480	479	476	487	494	486	476	480	489	497
1	537	543	538	543	555	542	524	529	533	542	558	558	570	586	574	588	608	601	591	596	623
0	444	428	429	434	436	429	432	439	423	434	438	447	456	474	470	455	472	475	486	481	466
0	678	675	668	664	657	655	642	637	628	628	630	630	631	642	653	642	631	636	627	603	579
1	472	475	452	453	459	468	483	495	511	506	524	529	546	558	559	555	566	556	551	567	566
0	529	508	513	526	526	543	530	517	509	503	498	501	496	501	486	480	479	470	492	485	481
1	637	635	636	627	621	645	648	647	645	641	647	653	670	687	698	703	705	709	690	679	670
0	580	589	594	594	579	596	594	601	592	597	596	607	609	615	635	638	635	645	639	625	624
1	600	591	597	620	620	621	624	624	623	609	615	624	627	640	650	664	644	632	639	655	658
1	476	480	476	480	483	493	507	507	499	498	510	510	505	514	520	514	522	528	542	532	538
0	718	709	704	686	689	694	681	682	660	656	663	666	663	652	650	647	649	650	662	669	659
0	402	426	417	418	440	438	422	415	430	430	433	438	440	435	447	455	461	443	462	473	469
0	490	485	491	494	501	511	515	502	504	497	499	482	477	487	506	506	515	522	519	516	504
0	573	592	587	575	583	581	588	560	570	552	557	549	545	542	538	522	533	516	492	515	517
0	456	456	457	455	458	436	434	452	439	434	440	434	437	425	441	436	426	425	452	458	469
1	546	558	540	544	538	545	561	552	544	547	559	559	558	556	566	562	577	585	583	587	583
0	649	624	612	609	594	590	586	573	580	561	556	554	562	566	574	579	566	557	559	564	570
0	523	504	504	515	504	518	507	500	499	501	488	488	493	515	504	509	513	509	506	507	511
0	463	466	457	464	464	461	457	450	446	442	420	434	419	422	425	421	419	422	431	417	433
1	385	395	398	406	386	392	393	401	406	404	409	418	418	433	432	439	422	422	425	444	432
0	560	560	541	526	504	497	512	502	500	503	506	513	518	519	512	511	497	490	490	496	485
0	455	439	454	447	422	421	416	422	418	419	419	423	435	432	439	444	431	423	413	423	419
0	541	559	557	569	566	565	571	571	584	598	580	582	576	578	570	560	560	552	551	541	537
1	526	530	538	546	562	558	553	570	557	563	583	589	588	595	606	595	577	591	597	585	606
1	649	661	663	664	660	658	652	669	665	666	661	668	669	683	699	707	710	700	690	686	680
0	586	574	584	580	564	560	552	551	548	558	555	543	544	540	540	555	541	551	544	530	536
1	613	618	621	625	622	628	610	615	609	599	619	623	627	627	641	625	625	640	644	647	642
0	552	544	541	548	559	558	564	556	543	548	537	542	554	541	542	548	540	550	544	539	543
1	411	410	412	403	391	381	380	393	391	388	390	396	399	395	399	406	401	408	401	413	424
0	312	295	293	304	288	279	291	301	297	290	290	283	302	297	298	281	297	286	272	267	257
1	437	443	453	447	450	454	476	478	483	471	477	476	473	477	475	458	455	454	450	447	444
1	380	383	388	375	371	357	354	335	332	330	355	357	364	374	372	387	388	398	414	425	432
1	552	552	554	549	544	536	536	538	539	548	565	559	553	563	572	588	566	570	568	580	572
0	361	348	345	343	337	340	331	312	297	288	277	268	264	247	223	218	218	217	227	216	211
0	346	342	326	332	336	324	293	298	285	282	273	279	279	292	297	293	291	291	292	294	290
1	441	458	465	466	469	461	465	454	464	458	458	462	451	455	450	444	446	454	452	461	486
1	490	489	481	487	498	509	519	503	497	515	532	536	538	531	526	516	538	532	522	531	546
1	579	565	576	577	582	589	586	576	587	604	605	602	602	591	599	599	603	595	589	602	612
0	297	291	296	307	323	316	309	294	271	283	280	283	295	284	308	306	289	297	305	305	298
1	576	576	574	573	558	556	562	569	580	576	590	594	588	598	594	608	591	593	567	575	585
1	643	647	656	663	639	628	619	606	616	625	634	630	627	639	643	635	629	636	653	646	645
1	597	593	600	603	590	589	595	600	601	585	592	588	589	575	595	607	608	612	615	640	648
0	639	626	629	612	623	625	619	614	598	592	588	571	574	567	567	566	558	561	549	562	548
0	566	568	586	581	581	586	586	584	576	579	591	584	577	609	612	626	607	614	619	621	618
1	456	456	450	455	453	461	459	462	480	494	484	493	498	500	480	477	483	460	452	449	457
0	496	504	494	483	482	480	455	461	447	442	431	427	431	436	434	434	419	415	409	408	409
1	549	528	536	551	551	558	565	554	568	572	561	566	563	556	552	561	580	580	564	563	563
1	388	400	398	384	399	405	405	392	406	397	386	397	396	387	385	387	380	391	404	384	392
1	439	438	456	460	476	494	488	491	477	470	462	477	497	496	513	519	525	541	550	543	548
0	608	616	645	639	621	623	621	611	603	619	623	611	618	624	612	608	617	610	587	579	572
0	611	601	615	627	631	632	635	625	618	618	615	620	603	626	632	633	608	620	611	610	622
0	631	630	631	616	596	576	575	575	589	605	570	553	563	567	563	561	572	582	578	582	580
1	472	476	470	467	476	483	486	491	519	513	529	527	532	534	543	523	543	540	553	570	583
1	462	464	471	495	483	495	501	503	493	502	512	516	524	548	542	556	565	568	583	586	597
1	510	524	515	509	512	497	487	485	485	497	506	508	518	523	516	516	521	512	523	514	494
0	517	510	495	486	464	471	490	505	496	494	494	498	483	476	482	483	487	492	476	489	477
1	488	476	480	494	504	506	496	500	508	509	526	521	531	531	536	543	546	536	526	529	524
1	301	291	301	304	295	315	326	340	342	315	325	327	334	334	343	372	368	383	393	394	408
1	516	505	517	514	515	500	515	518	502	517	519	501	521	519	512	515	529	518	494	499	507
1	483	496	496	494	493	495	504	506	514	517	514	521	522	537	549	537	533	527	514	514	520
1	401	380	375	384	394	395	377	351	366	374	356	356	363	365	374	371	381	391	396	403	410
0	518	522	518	534	537	541	534	547	547	543	531	537	555	536	547	563	587	590	597	592	596
0	527	516	514	511	496	483	468	460	457	439	429	413	430	409	426	438	434	445	449	442	457
1	586	591	600	613	622	620	630	614	628	622	645	645	639	636	619	627	632	643	645	628	630
0	612	613	611	592	599	609	611	598	609	598	596	593	600	586	583	572	559	540	542	534	530
0	774	779	768	771	757	760	744	757	757	768	756	753	760	753	767	767	771	754	748	728	709
1	355	366	373	359	341	348	346	340	322	330	340	322	323	315	324	303	312	302	311	303	300
1	666	663	665	666	681	680	685	688	685	683	675	692	707	708	702	704	701	693	716	704	718
0	588	593	578	572	575	560	540	535	542	541	543	561	547	560	564	536	539	542	545	537	544
0	503	507	521	533	530	530	525	516	515	507	516	500	501	497	495	485	497	506	516	504	496
1	488	479	480	480	488	491	487	486	474	466	463	465	471	474	481	469	451	444	448	436	444
1	562	571	588	591	578	572	576	580	579	576	582	570	566	561	562	585	585	590	591	588	573
1	424	430	453	444	449	455	460	460	450	436	458	461	465	462	470	478	474	479	494	496	504
0	504	507	506	517	513	525	533	520	507	503	514	509	504	510	525	532	524	536	539	547	545
0	425	415	428	432	418	421	400	400	403	407	414	409	410	410	408	415	424	429	444	446	443
1	413	417	407	422	409	395	401	392	419	418	409	413	405	391	392	400	403	403	402	400	411
0	508	516	519	491	492	487	479	486	488	485	486	491	492	494	501	482	484	468	466	457	455
0	458	439	438	421	417	405	407	400	415	421	414	420	416	408	399	387	389	390	387	392	398
0	560	560	539	538	548	531	542	535	542	538	537	538	523	486	475	477	478	481	465	455	458
1	489	491	478	461	475	459	461	461	457	442	455	460	475	472	469	461	459	469	477	474	483
0	619	613	623	622	637	645	655	660	653	663	662	686	680	683	688	677	676	668	652	643	660
1	599	591	609	611	611	600	609	606	624	630	631	632	620	635	641	646	649	659	668	675	686
0	587	587	583	595	576	574	569	558	567	567	555	566	572	571	584	570	571	567	556	540	537
1	457	455	470	456	461	468	479	490	489	502	512	504	521	530	520	533	519	519	511	523	547
1	439	441	436	447	426	421	425	433	446	455	464	462	439	451	450	446	452	439	459	454	452
1	687	692	696	693	697	705	703	707	713	720	711	724	724	719	726	732	717	716	704	704	689
1	536	563	568	573	580	580	580	598	599	596	611	617	606	619	628	619	607	614	606	610	618
0	457	461	459	459	446	441	447	443	448	464	476	481	484	477	455	451	466	478	483	477	472
0	687	679	684	682	697	709	712	704	707	702	695	708	704	712	731	716	710	715	714	718	731
1	427	431	433	423	424	420	424	409	422	414	413	414	410	416	404	406	423	444	438	435	446
1	433	450	450	454	452	448	464	474	461	465	452	441	441	436	450	455	457	461	469	456	457
1	540	542	548	540	555	556	565	566	585	580	570	572	597	579	587	590	598	594	590	596	588
0	639	629	622	616	606	604	615	589	585	595	585	585	566	555	549	539	532	534	552	555	542
1	374	378	375	393	382	383	378	365	376	391	385	381	385	382	382	372	379	378	379	364	369
1	583	579	586	604	605	619	623	630	630	638	637	636	629	619	616	614	622	617	620	630	634
0	378	372	373	364	358	355	331	329	316	307	311	305	305	304	291	297	291	278	301	292	294
0	413	402	418	407	406	392	386	395	378	384	381	368	366	351	351	357	355	366	351	358	360
1	561	561	578	601	592	583	584	590	594	616	628	622	624	608	602	603	602	616	606	585	583
0	750	740	718	714	700	706	705	691	700	689	695	695	695	684	687	695	700	693	701	686	703
1	534	515	509	515	519	510	507	491	497	486	482	468	455	469	469	461	468	468	477	496	497
0	489	480	498	500	494	485	468	456	454	460	443	433	426	427	415	434	452	451	446	447	463
0	586	598	586	568	580	576	582	572	593	602	606	603	600	601	621	620	628	629	626	624	613
1	565	562	549	549	532	553	555	547	535	530	540	533	534	533	525	522	515	522	533	542	545
1	595	594	620	631	641	644	642	652	662	661	667	663	667	672	671	672	687	691	699	699	699
1	534	534	536	558	568	579	591	608	614	626	615	617	617	619	619	610	621	607	600	587	592
1	474	462	465	464	474	483	485	512	515	514	508	516	524	525	525	527	523	534	548	558	559
0	532	521	523	509	497	482	494	484	471	464	471	486	468	457	451	465	454	470	466	463	485
0	719	717	711	719	716	722	726	722	718	728	734	743	737	730	712	713	698	709	720	721	721
1	647	661	667	681	678	689	698	693	685	684	691	704	719	706	700	694	688	701	711	725	719
1	535	538	537	554	549	579	597	586	600	598	620	620	623	624	653	667	665	667	670	668	669
1	396	410	412	417	397	398	390	380	369	361	338	339	340	366	366	364	381	367	355	342	348
0	497	489	494	472	469	460	465	462	457	452	427	430	450	451	452	470	467	470	464	453	444
0	636	646	627	628	624	605	608	616	617	606	603	585	579	569	573	575	567	557	536	526	529
0	484	503	506	506	509	499	488	491	481	476	483	468	451	438	446	453	455	460	463	447	452
0	535	538	528	542	551	542	548	558	554	547	546	550	545	544	553	540	540	535	535	527	526
0	542	547	538	537	538	522	534	538	545	538	531	517	500	502	496	480	463	454	442	450	448
0	673	674	669	662	670	664	670	661	651	650	646	645	626	624	613	635	645	642	643	632	640
1	541	535	543	545	533	542	542	533	535	541	544	545	534	511	529	527	522	520	519	517	530
1	527	528	534	529	528	522	517	521	515	520	517	515	515	536	555	543	544	555	556	547	541
0	417	404	405	404	394	388	381	359	361	356	357	369	368	356	359	352	350	340	330	321	338
1	615	620	597	607	584	603	609	605	629	631	632	629	629	625	633	650	653	644	648	648	646
1	353	356	351	363	359	382	373	362	372	371	361	362	357	381	381	372	371	378	379	394	371
1	701	713	733	736	725	716	719	708	709	707	709	701	686	686	687	702	686	693	697	699	704
0	553	554	551	548	522	508	496	484	492	503	489	499	508	499	504	504	507	503	498	507	498
0	547	542	525	531	528	537	528	522	525	528	528	534	542	552	543	518	514	521	524	545	542
1	389	400	405	412	416	408	412	403	408	427	423	427	428	428	429	425	425	422	417	427	443
0	422	423	418	425	438	430	425	441	440	444	444	443	439	418	423	426	442	426	424	420	418
1	552	551	561	552	557	561	563	551	552	566	574	558	548	553	565	565	582	597	610	607	615
1	546	555	556	576	580	577	582	574	558	556	561	561	560	562	563	557	556	570	565	560	569
1	426	423	413	424	443	437	458	470	477	476	478	480	481	478	473	486	482	474	464	461	477
0	433	421	411	413	410	412	403	402	387	382	374	383	377	368	367	378	392	393	402	405	411
0	317	319	325	331	337	332	327	321	328	308	312	299	299	315	296	310	303	292	306	277	287
1	681	688	696	708	698	690	699	707	695	694	718	734	737	744	744	750	747	733	724	712	712
0	375	379	377	366	350	355	351	356	342	348	345	334	326	307	313	280	262	250	239	231	206
1	413	416	408	397	390	380	397	405	391	398	390	378	389	398	404	410	415	411	406	393	374
1	488	483	478	488	488	510	493	497	491	497	500	503	510	511	537	528	522	526	505	505	494
1	725	727	715	719	719	717	725	739	734	730	723	717	727	716	704	700	693	689	700	696	703
0	743	736	730	750	747	739	706	677	670	661	661	669	687	664	640	650	657	647	658	659	657
1	404	403	419	419	419	410	408	407	397	387	396	404	386	381	374	355	344	343	362	356	369
0	521	504	520	496	484	483	500	491	498	494	480	483	478	481	482	484	475	473	452	449	441
0	597	615	608	611	625	620	620	626	620	617	611	629	617	604	608	605	613	614	620	606	630
1	407	386	393	402	402	387	403	401	401	399	405	393	384	397	403	419	421	423	421	411	416
1	596	600	593	600	590	596	597	586	577	597	583	582	577	572	580	581	578	597	603	614	627
0	545	566	565	560	570	571	577	600	594	598	594	593	598	593	594	598	592	588	591	600	590
1	545	557	582	580	579	576	583	566	559	554	566	571	568	587	574	560	562	556	549	559	555
0	513	516	530	528	539	541	548	541	528	546	537	530	540	544	539	530	535	544	558	553	540
1	542	528	544	574	562	555	553	549	568	556	555	564	565	554	579	579	595	595	581	570	559
0	548	541	522	520	515	509	506	504	498	488	489	476	475	468	469	451	460	464	473	465	470
0	699	701	694	700	694	684	685	683	682	672	666	669	670	678	688	689	692	695	699	698	693
0	556	586	566	560	544	546	542	547	557	546	551	536	528	523	522	522	528	524	518	523	523
1	443	439	446	451	446	451	469	473	479	489	496	489	490	491	504	497	495	492	497	502	507
1	341	334	346	367	374	362	356	365	379	376	369	371	362	372	375	381	390	374	395	402	400
1	657	667	677	686	678	670	673	680	685	685	672	673	679	670	660	658	660	652	650	649	640
1	452	453	447	441	455	455	452	467	486	491	480	468	471	468	476	478	479	466	462	453	448
0	750	736	744	722	721	733	721	723	722	718	712	719	704	693	684	678	675	666	677	660	668
1	380	377	403	385	395	403	420	383	395	397	410	416	423	426	435	432	441	468	472	472	472
0	624	627	645	640	634	636	633	623	629	604	591	585	586	585	597	608	595	599	604	583	580
0	441	446	432	434	428	421	419	423	423	417	415	412	414	414	405	423	435	440	443	439	446
0	627	627	622	627	636	632	636	630	619	638	629	612	622	638	631	636	633	622	624	634	631
1	527	529	536	548	560	564	565	567	565	578	585	600	588	594	593	583	596	605	598	606	611
1	381	395	412	406	415	415	434	433	433	440	437	440	444	438	438	438	440	439	443	461	465
0	512	509	496	499	506	499	509	516	486	481	483	489	488	491	499	483	486	500	508	513	499
0	443	446	425	439	423	429	422	411	405	400	393	386	373	366	350	343	334	332	332	331	323
0	442	458	466	478	475	462	464	448	432	446	443	437	429	421	441	437	430	414	413	401	414
1	519	533	523	521	507	512	499	513	533	532	537	526	524	526	518	525	506	511	507	527	539
1	456	455	444	432	445	444	442	440	443	446	460	466	466	458	458	456	443	428	428	423	426
1	380	397	390	396	398	423	424	430	419	408	405	397	395	387	388	400	404	413	415	429	420
0	476	503	490	488	496	495	508	518	524	522	517	502	504	520	519	509	523	515	513	515	480
1	638	627	631	623	618	620	635	633	616	633	629	636	654	675	672	677	672	666	666	666	669
0	269	284	302	295	304	308	300	298	293	270	263	259	278	272	261	265	262	256	266	275	281
0	313	308	287	294	287	293	309	319	332	332	339	347	355	362	367	350	356	371	373	384	355
0	605	599	597	589	590	589	596	587	584	581	573	550	540	539	543	553	544	535	530	545	535
0	599	596	589	584	559	562	567	563	588	581	566	550	546	537	546	553	555	542	544	537	536
1	429	405	388	365	363	378	384	381	372	379	386	391	387	404	427	418	405	411	423	428	413
1	535	533	540	550	571	561	552	550	552	569	574	571	586	572	575	561	558	538	538	556	561
0	349	334	332	339	335	331	331	324	322	308	300	301	294	290	289	285	279	269	275	266	259
0	501	499	509	522	507	516	509	509	504	509	522	520	515	511	508	504	504	501	498	478	475
0	440	406	408	402	398	407	411	417	411	427	422	409	392	398	427	425	407	404	392	380	381
1	644	634	630	620	632	620	612	621	627	641	623	614	615	625	626	626	632	637	655	658	659
0	609	606	584	590	582	589	586	578	560	567	557	546	535	533	521	502	501	492	500	465	469
1	405	403	417	423	413	406	403	389	406	391	389	397	397	405	410	403	390	392	397	398	412
1	586	593	590	600	595	588	586	596	601	612	628	639	639	641	653	677	676	668	663	676	671
1	583	587	581	594	601	603	588	576	563	580	578	578	565	580	556	542	549	562	556	562	566
1	461	474	476	479	478	474	463	436	432	435	431	426	426	440	465	460	466	462	451	435	445
1	554	547	553	547	547	555	585	589	595	595	595	607	604	603	612	621	640	672	672	665	673
0	524	523	526	526	527	516	507	491	496	486	493	476	477	469	467	469	474	466	474	469	484
0	285	287	288	271	276	288	285	286	274	254	238	219	213	209	220	208	205	206	212	207	219
0	632	636	643	640	631	622	645	647	646	656	655	659	666	658	655	652	662	682	689	686	690
1	543	548	552	546	545	528	557	556	560	568	575	584	598	595	615	619	635	636	646	647	653
1	528	530	545	554	556	567	566	572	568	580	568	577	571	569	576	564	570	589	581	574	576
1	187	181	164	167	166	137	160	159	175	183	202	217	218	216	228	238	230	230	227	246	260
1	465	484	470	459	445	465	460	457	458	462	457	466	473	473	464	455	437	423	427	412	414
1	604	627	623	636	638	636	630	616	615	599	605	602	597	613	614	614	625	629	642	624	624
0	443	438	433	430	437	458	448	441	425	416	416	412	408	394	400	395	393	386	396	367	359
0	378	370	358	353	346	367	356	356	342	334	331	325	327	337	339	328	323	304	299	290	300
1	423	429	440	452	447	480	494	504	521	502	501	502	494	500	517	522	509	501	504	503	501
1	606	629	617	607	624	627	634	631	620	626	629	635	635	644	625	637	636	636	647	650	633
1	507	506	503	504	519	522	534	538	532	530	540	561	556	563	545	534	522	536	545	545	543
1	573	569	558	561	562	553	553	548	552	566	569	564	576	584	581	571	573	576	575	583	586
0	483	467	469	468	467	469	468	464	456	444	443	428	429	417	415	400	405	397	408	405	392
0	580	601	605	584	576	576	572	566	569	555	568	565	566	559	560	563	570	594	592	570	577
0	613	604	598	596	602	603	615	598	588	581	571	594	597	608	611	602	619	614	589	582	590
0	426	440	440	445	442	428	412	399	383	389	403	396	396	392	385	389	387	395	385	373	366
0	504	516	510	516	519	529	529	544	543	541	536	529	529	535	537	531	530	525	525	514	507
0	449	446	429	419	410	431	430	431	414	420	410	403	385	374	346	353	341	341	343	342	344
1	412	406	404	394	390	384	395	397	396	389	385	380	374	367	362	368	371	378	372	376	386
1	428	421	417	437	450	450	440	435	431	420	444	449	441	433	425	434	432	429	440	435	437
0	342	334	343	333	332	306	310	308	294	287	274	273	273	259	236	234	227	224	223	230	226
0	670	658	666	668	675	695	699	696	701	697	703	702	704	708	703	703	700	691	698	688	679
1	479	483	488	500	499	505	513	516	511	505	516	507	508	498	491	483	488	478	487	501	510
0	492	501	505	513	502	517	516	525	517	507	501	472	464	466	461	449	450	435	435	425	429
0	293	292	287	303	287	291	298	283	278	271	258	258	259	266	271	261	234	250	254	245	235
0	461	453	445	445	444	426	443	443	435	434	431	424	439	452	445	464	466	435	434	416	407
0	562	555	556	542	537	538	543	523	507	496	496	507	510	513	512	520	536	549	546	555	543
1	369	366	371	384	374	361	359	350	353	363	378	375	367	356	369	374	372	367	362	376	375
1	447	455	448	435	423	417	408	400	408	412	403	389	403	416	410	420	429	445	440	438	428
1	425	428	423	421	415	421	417	437	437	449	466	464	455	463	474	468	463	463	467	487	468
0	369	367	367	379	376	409	390	390	398	399	390	395	391	406	413	415	410	420	423	414	406
1	589	582	585	579	575	608	601	619	623	617	611	612	611	619	621	622	614	618	621	625	641
0	516	513	506	504	509	512	516	506	508	507	500	476	480	470	496	484	467	465	465	463	445
0	726	741	750	743	737	742	757	750	745	723	711	693	693	704	710	720	727	712	716	717	709
0	542	545	544	525	524	521	537	550	554	541	538	523	505	500	507	509	518	525	539	528	526
1	504	515	522	530	544	550	544	553	550	547	547	550	545	530	531	531	525	523	501	503	497
1	509	507	513	519	518	505	496	500	516	506	502	496	498	525	525	536	541	538	544	546	547
1	529	529	548	548	546	555	543	554	555	554	546	561	555	541	525	522	524	534	549	555	573
0	431	427	439	430	428	398	391	382	381	394	384	390	406	409	415	408	410	418	406	400	415
0	553	538	513	539	556	546	555	555	541	529	539	545	541	547	546	558	564	561	552	553	555
0	529	522	504	525	512	520	534	540	548	546	551	552	544	526	509	514	513	510	493	491	489
0	442	428	421	409	386	379	393	390	379	366	364	359	349	346	349	352	355	346	345	360	360
0	459	442	447	444	447	438	438	433	444	436	426	419	425	422	418	430	418	414	400	402	410
0	550	543	540	537	540	526	513	518	521	509	498	513	526	536	521	525	521	518	527	524	527
0	521	509	500	494	485	457	453	451	447	436	434	447	446	439	434	423	409	399	386	379	364
0	456	468	474	478	478	486	478	468	449	471	465	442	440	432	427	397	409	403	388	389	385
1	425	434	434	430	432	441	449	449	447	442	437	418	426	442	454	458	469	460	469	466	469
1	670	672	682	683	678	701	704	705	701	707	722	728	709	704	700	700	691	691	688	708	712
1	504	508	528	529	528	536	527	530	531	513	498	487	492	510	515	518	524	523	532	525	530
1	620	634	641	645	651	657	679	679	682	685	681	674	683	692	693	699	710	713	714	701	710
0	545	530	522	531	512	522	504	503	496	494	496	484	485	492	471	463	452	450	425	424	410
0	499	510	490	489	492	506	519	507	494	490	490	494	499	490	493	487	489	509	503	485	492
1	533	547	550	536	541	536	549	560	565	561	577	572	585	602	615	634	659	668	669	687	689
1	573	579	589	613	622	621	633	641	639	631	633	634	629	616	611	606	607	609	613	615	610
0	497	491	469	484	485	477	463	451	449	438	430	429	426	417	410	409	397	398	390	365	359
0	585	561	580	582	579	598	589	601	590	572	556	561	562	568	580	593	579	577	575	577	560
1	529	527	534	532	526	532	529	521	522	519	524	549	545	549	546	545	568	584	597	604	609
0	401	391	395	392	418	419	417	414	391	394	386	378	357	361	352	346	356	349	355	349	335
0	491	496	473	467	471	445	439	431	420	428	433	443	440	451	451	446	445	443	452	455	446
1	446	443	440	446	449	449	469	486	496	490	506	526	531	518	527	537	526	519	499	506	511
0	538	543	527	522	513	512	499	513	499	491	513	495	479	486	489	513	508	508	495	501	508
1	357	347	345	333	345	320	311	301	288	280	273	287	278	288	307	312	319	331	320	319	321
0	536	539	547	531	533	533	538	545	538	516	499	507	498	502	533	522	522	514	507	490	483
0	458	469	462	452	447	454	454	462	468	449	452	472	475	450	451	448	445	450	454	446	465
0	569	574	580	584	573	567	559	572	564	550	565	556	566	569	584	586	590	584	572	570	552
0	349	365	348	348	343	347	360	370	363	347	339	339	332	332	329	305	311	303	309	312	324
0	505	514	501	500	497	500	491	490	478	484	467	454	459	462	455	457	442	453	447	444	444
1	364	387	399	398	384	366	381	366	346	337	344	339	345	340	350	345	337	334	337	337	346
1	514	514	518	536	524	534	540	536	531	539	548	547	544	544	531	545	542	555	561	558	554
1	396	401	415	421	425	434	454	458	463	478	470	463	470	471	478	488	490	488	493	494	512
0	598	599	592	607	582	586	596	572	577	571	577	574	579	582	579	564	579	580	593	595	606
0	534	535	536	542	552	540	531	533	535	533	532	541	524	527	542	537	536	516	501	492	486
1	537	529	528	527	530	530	530	526	544	547	529	553	542	546	550	562	571	581	599	623	649
0	613	596	593	611	604	598	601	610	615	621	624	606	611	614	629	618	602	597	615	606	616
1	530	543	540	540	550	542	541	536	551	567	569	573	582	586	585	565	548	559	544	541	531
0	437	420	417	395	391	396	406	432	426	415	402	397	395	403	407	408	398	399	399	393	400
0	299	296	303	299	302	302	303	309	311	304	297	306	306	299	314	329	321	329	326	302	300
0	587	563	556	552	537	520	513	500	485	471	470	461	448	439	433	426	408	412	399	400	421
0	365	367	370	371	371	356	345	331	325	331	326	310	316	303	292	297	312	308	304	304	300
1	417	417	408	421	425	425	423	414	420	428	426	409	415	435	436	426	429	443	430	417	421
0	544	543	548	540	535	530	518	521	525	540	553	565	565	568	566	566	564	559	566	554	553
1	413	419	425	435	441	456	463	470	471	482	482	490	480	489	464	451	467	471	463	481	494
0	522	492	512	510	514	532	533	536	538	538	526	538	511	498	491	492	498	501	505	506	497
0	520	517	515	510	500	491	490	497	480	473	484	480	481	474	489	478	468	456	458	453	451
1	640	650	668	667	667	669	677	699	710	731	731	724	737	742	748	736	729	723	719	724	735
0	473	478	473	465	475	477	460	473	479	481	480	473	474	464	469	468	458	466	475	472	463
0	510	514	535	539	522	524	532	541	545	547	548	544	528	532	540	538	528	515	522	503	511
1	392	402	414	432	437	465	459	452	449	447	439	448	458	450	462	457	468	473	469	462	448
0	580	588	599	606	614	610	598	591	593	609	625	613	614	615	603	590	592	570	568	561	558
1	368	385	390	374	378	384	392	399	390	392	386	392	414	411	403	420	418	404	420	436	435
1	394	408	409	399	399	409	387	386	405	406	419	429	446	432	422	409	403	400	380	382	390
1	508	497	495	489	491	454	459	485	495	500	498	501	506	497	497	491	491	498	507	497	493
1	414	423	428	408	404	409	400	383	381	359	359	368	362	370	368	368	358	365	367	375	382
0	447	454	449	434	419	430	417	426	447	427	429	422	425	415	393	385	373	373	359	354	346
1	587	596	593	574	563	579	572	596	606	614	612	606	606	613	604	625	633	645	648	654	662
1	396	406	418	421	415	408	400	406	396	391	378	365	367	376	374	368	360	356	370	374	357
1	449	470	464	460	454	452	454	456	434	431	446	452	440	461	451	441	443	447	446	442	448
1	475	464	480	474	491	505	492	504	513	523	524	521	507	521	531	542	539	560	562	564	562
1	656	655	663	656	656	643	630	630	624	638	633	640	630	644	638	633	647	640	646	632	634
1	404	396	402	408	418	409	417	426	434	427	437	441	450	459	443	439	432	447	447	459	471
0	468	472	458	449	438	424	423	413	413	407	402	391	382	371	378	375	378	380	363	372	376
1	419	417	410	415	421	422	410	409	402	395	373	387	401	410	419	433	436	442	453	449	438
0	556	554	545	556	544	533	547	548	535	539	528	536	525	517	523	510	509	491	484	477	482
0	620	600	570	558	568	578	582	568	565	548	539	518	501	499	492	492	486	493	489	496	464
0	467	466	474	468	465	472	479	480	484	491	477	479	482	487	500	498	499	502	503	507	520
1	624	627	638	627	634	638	630	646	618	621	626	607	606	603	601	623	611	595	585	592	589
0	418	417	421	421	417	412	401	394	401	384	371	363	364	373	388	379	380	392	368	353	353
0	423	428	442	456	457	464	467	459	462	451	449	453	462	455	457	442	427	421	434	422	438
1	462	452	444	452	457	464	459	456	465	460	480	499	503	498	501	511	507	514	506	496	491
1	522	537	540	544	536	534	536	541	558	575	574	587	598	587	582	595	591	586	582	586	596
0	571	573	562	560	546	540	532	528	524	537	537	527	524	524	527	522	530	517	506	503	506
1	528	527	520	540	535	537	534	526	522	535	546	545	542	551	568	573	586	599	609	603	600
0	586	582	570	588	606	596	591	598	592	598	596	588	589	595	599	595	604	597	589	595	591
1	584	592	583	608	619	631	639	631	624	621	626	646	647	631	639	645	663	659	663	656	659
1	508	514	524	527	536	536	552	557	545	535	544	543	532	524	521	523	514	524	518	521	529
0	460	438	424	419	396	399	408	397	407	384	381	378	386	365	358	375	381	394	394	389	392
1	581	600	622	617	626	624	635	645	642	635	647	637	657	660	657	662	655	671	671	683	689
1	582	581	594	584	580	578	598	613	594	590	589	598	614	617	609	604	608	609	604	617	615
1	371	377	391	388	382	355	349	363	369	374	373	376	377	379	394	384	361	346	350	358	353
0	486	485	492	479	481	489	481	498	498	491	487	491	473	478	467	471	489	492	495	496	502
0	489	488	484	479	491	479	472	466	472	485	487	477	482	469	474	468	465	439	447	433	441
1	582	582	591	598	603	601	597	614	604	571	572	575	569	560	546	546	556	574	575	587	585
0	577	566	571	570	552	543	544	551	549	547	541	537	530	514	496	501	501	503	517	499	480
1	557	562	582	564	566	548	568	555	541	539	541	552	550	554	565	557	563	557	560	563	569
1	483	478	479	472	485	488	511	521	539	541	529	526	516	511	508	518	535	553	567	557	554
0	588	590	586	580	595	589	598	613	598	592	588	585	580	583	583	575	579	574	577	570	575
1	632	617	608	610	624	636	622	622	627	653	649	648	661	678	678	664	678	694	696	693	677
1	435	435	427	433	432	425	414	406	403	401	398	408	423	440	443	441	436	440	439	435	433
0	593	600	600	593	578	582	576	562	564	569	571	589	583	572	563	569	563	557	541	534	534
0	462	449	441	445	444	444	421	407	398	407	395	386	388	390	397	412	419	411	411	406	405
1	535	552	552	554	548	548	543	533	530	546	555	556	551	557	564	553	544	542	540	552	551
0	520	514	503	523	534	523	514	501	503	522	525	511	515	499	480	481	478	482	465	471	473
0	607	620	616	609	603	616	616	610	608	612	618	614	617	604	595	583	586	597	601	605	603
1	658	675	673	669	686	689	708	706	702	707	702	699	695	696	674	678	692	666	679	679	677
1	270	268	271	277	279	255	261	268	256	260	263	277	298	306	313	315	330	315	305	298	306
0	732	741	741	717	707	693	672	683	684	686	685	684	688	678	672	677	686	674	667	665	658
0	512	507	521	524	529	537	534	554	549	559	544	536	534	533	528	536	550	563	565	568	574
0	561	553	533	512	509	513	522	518	515	513	498	500	502	486	471	461	452	466	466	464	459
0	406	411	423	426	431	426	427	408	403	414	403	406	394	391	396	385	382	380	374	380	375
1	432	427	423	401	405	414	421	447	455	448	460	471	479	487	494	483	485	489	490	489	488
0	486	505	498	498	490	489	492	495	482	484	496	510	528	529	537	544	549	551	552	553	533
1	609	603	611	630	629	631	637	653	661	657	654	679	685	687	691	691	689	701	711	711	707
1	636	656	656	656	651	654	658	660	672	674	682	698	693	673	657	675	680	708	710	709	708
0	639	665	677	678	680	690	682	691	691	697	704	694	696	704	703	705	711	704	712	715	698
1	534	521	534	540	531	530	544	558	578	580	597	622	631	635	638	637	641	643	636	662	678
1	517	510	511	515	499	502	513	522	523	516	544	552	536	537	561	550	549	531	512	524	524
1	558	577	575	567	583	590	591	599	608	604	606	600	612	608	627	623	637	637	638	622	627
1	562	555	538	536	552	548	563	557	558	562	558	574	585	582	584	584	590	604	604	607	612
0	610	604	598	605	589	584	588	589	582	581	563	551	569	559	558	542	549	537	534	509	503
1	527	539	542	540	541	536	540	547	561	567	571	595	595	587	599	600	625	624	634	636	621
1	456	465	465	459	446	449	458	460	468	479	490	484	489	471	461	467	452	435	436	441	456
1	326	334	353	358	355	339	331	360	379	381	388	366	375	386	391	399	388	375	384	374	398
1	579	582	583	578	585	568	574	562	559	542	552	559	559	545	529	535	529	538	536	550	545
1	552	567	578	576	573	577	590	591	587	603	608	612	601	606	617	627	640	633	638	658	668
1	534	543	544	552	549	543	547	561	563	561	564	571	571	577	576	583	604	606	597	603	606
1	562	572	570	565	562	560	554	557	563	578	591	594	612	587	573	572	585	588	584	595	603
1	404	405	416	409	411	410	403	407	407	408	404	403	399	398	396	396	394	399	403	409	426
1	532	547	558	566	580	590	599	584	602	605	614	625	637	637	617	620	632	626	631	636	636
0	512	513	507	500	498	491	498	493	493	486	497	498	496	489	490	479	492	500	509	503	498
1	568	574	567	564	577	581	567	582	584	577	570	580	590	586	594	605	610	626	639	652	659
0	481	491	475	449	438	452	456	479	466	475	485	494	489	492	486	500	500	505	512	515	500
1	519	526	545	542	538	549	561	568	566	585	589	579	589	605	602	590	592	613	599	574	570
0	364	365	364	358	365	366	369	358	362	362	363	345	358	342	328	314	314	317	319	315	307
0	351	352	355	347	360	365	349	340	329	318	335	341	346	353	333	334	332	340	362	348	342
0	679	687	695	715	705	702	706	707	701	696	692	678	674	681	659	655	662	669	670	664	661
0	365	364	373	359	366	353	370	373	371	378	376	391	366	357	348	358	342	342	305	307	300
1	466	463	457	458	458	448	455	435	436	425	428	435	420	430	424	426	432	421	431	416	431
0	536	565	566	571	576	575	584	588	583	577	585	577	560	551	541	515	519	532	539	551	557
0	680	670	660	665	683	685	676	668	673	680	684	695	682	667	654	660	664	676	681	668	662
1	544	540	532	533	551	540	551	560	568	575	580	580	576	571	567	572	583	581	577	601	612
1	569	559	569	576	569	569	572	581	586	580	584	582	579	583	597	597	601	607	621	634	622
1	450	449	447	441	445	440	444	448	454	461	461	460	453	465	467	477	478	483	472	485	491
0	427	432	420	444	462	470	467	460	452	459	472	473	485	479	476	472	462	465	468	456	480
0	464	459	445	438	423	420	416	406	397	388	380	361	370	368	365	357	354	358	341	348	338
1	673	675	668	672	673	678	686	702	692	692	687	673	659	648	652	634	616	612	624	622	635
0	588	574	563	573	586	591	576	574	569	562	556	557	576	566	560	565	560	548	559	562	532
1	600	600	618	625	640	611	621	620	619	618	622	622	616	612	638	637	630	643	638	645	640
0	598	598	588	603	596	588	584	577	567	560	554	551	535	526	530	518	519	509	508	485	486
0	452	442	438	420	420	418	407	398	389	383	393	390	393	383	383	387	390	388	376	368	364
0	389	377	360	346	340	318	312	315	314	316	311	313	315	316	297	309	312	308	290	294	292
1	435	448	448	452	470	470	484	486	500	479	490	501	490	497	473	480	473	463	455	479	493
1	565	570	585	568	569	572	586	598	593	592	610	609	589	602	612	592	589	594	588	583	590
0	644	632	632	621	624	603	586	573	563	569	573	589	599	567	559	559	558	542	557	540	519
0	634	623	627	608	589	582	573	548	541	545	552	544	528	519	527	523	512	502	508	504	490
1	380	385	376	372	375	370	360	355	371	384	378	384	379	393	389	389	380	379	375	384	392
1	725	715	721	711	715	722	727	737	755	749	750	746	739	759	780	765	751	752	751	769	775
0	563	546	534	530	522	522	510	504	522	513	514	503	504	490	501	500	490	482	476	473	462
0	541	540	547	526	509	504	490	461	460	469	460	486	500	494	496	503	512	512	499	510	493
0	458	447	453	462	469	465	472	469	451	457	455	474	487	487	471	476	483	471	463	457	443
0	445	466	463	463	469	459	447	435	430	444	435	439	418	409	417	408	400	391	392	382	373
1	477	496	514	516	515	538	536	539	545	546	547	544	544	554	547	545	571	573	566	555	567
1	475	488	495	492	490	494	496	510	524	534	537	548	547	547	543	544	551	540	542	548	554
1	685	680	673	681	679	676	669	670	687	685	694	677	679	689	690	687	700	712	719	722	727
0	602	602	606	606	619	616	608	609	595	591	594	600	594	606	599	572	568	560	552	528	508
0	474	481	486	474	475	457	461	447	452	439	454	447	448	443	449	430	425	401	394	393	389
1	668	677	677	665	673	669	700	711	716	718	716	719	713	717	716	714	701	702	702	717	723
1	639	661	667	683	705	722	730	729	741	735	740	748	759	759	753	764	770	761	749	761	761
0	406	403	389	397	402	402	397	393	411	408	418	421	397	405	415	415	416	399	399	406	385
0	468	483	459	446	445	456	455	456	450	456	461	466	446	437	431	424	416	396	387	381	386
1	678	695	691	697	699	696	694	706	696	701	681	678	682	670	675	674	676	688	673	694	688
0	462	467	457	439	435	426	432	432	432	435	440	433	434	435	430	431	415	400	399	395	398
1	411	435	446	456	468	474	457	473	488	492	503	507	531	532	526	517	513	521	517	532	533
0	489	491	477	481	465	465	474	455	465	471	468	469	462	444	439	426	419	394	400	391	388
0	606	600	581	575	560	558	567	566	561	548	548	555	553	542	540	526	523	523	504	494	500
1	548	563	567	563	588	583	600	595	585	578	575	590	603	606	609	604	619	633	638	638	631
1	714	696	706	721	733	740	738	734	734	748	757	758	762	760	743	734	744	752	769	769	784
1	552	557	548	559	578	582	584	587	601	613	590	606	622	648	642	644	654	667	651	661	653
1	634	628	616	621	615	619	598	610	600	602	597	604	609	607	626	626	635	649	646	664	677
1	367	362	357	352	368	362	370	382	407	408	403	417	426	422	444	437	447	454	454	487	486
1	528	541	539	541	545	549	571	575	584	586	570	601	596	598	590	592	571	567	577	586	589
0	545	543	555	575	578	582	583	577	570	562	550	556	555	554	561	551	554	551	552	555	533
1	585	590	592	601	592	593	600	597	602	611	612	614	624	619	614	619	607	617	611	618	612
0	481	476	475	482	475	460	441	443	426	404	411	416	415	423	418	411	409	428	421	406	391
1	412	425	428	429	435	429	450	446	461	462	473	487	500	497	495	495	494	496	488	486	503
0	535	545	532	549	553	542	536	530	521	516	516	508	505	511	505	483	491	480	475	456	474
0	414	423	415	407	399	392	399	382	378	372	370	379	384	371	372	379	392	403	395	407	415
1	527	533	506	509	498	509	506	489	499	499	506	521	512	529	545	545	541	556	551	544	557
1	343	348	349	348	346	367	362	353	353	354	338	326	322	327	326	336	344	338	331	337	321
0	396	386	382	364	354	359	365	365	361	375	394	392	387	401	408	395	387	397	398	404	396
1	470	482	489	506	511	511	533	536	535	549	541	543	531	530	536	523	521	541	556	563	567
0	429	422	443	434	459	462	486	487	479	477	474	474	472	465	452	472	483	482	472	457	473
0	417	415	415	401	402	417	437	436	430	420	419	409	398	397	402	379	377	377	367	356	349
1	562	566	552	566	577	574	576	581	589	576	571	569	552	537	542	537	539	555	545	544	542
0	555	554	578	583	581	592	582	576	568	565	556	564	571	583	580	579	590	591	581	594	584
0	418	419	415	424	442	430	429	435	442	429	430	425	429	416	409	402	410	409	422	428	420
0	668	634	624	651	661	675	679	691	682	669	683	681	681	675	658	649	668	658	655	653	666
1	535	527	531	527	531	532	514	521	521	510	517	513	519	518	515	528	530	543	529	523	499
1	628	638	641	643	651	652	656	677	677	655	651	660	669	672	699	702	704	698	698	688	681
1	624	609	610	605	591	595	615	613	614	626	625	637	618	613	595	616	628	641	634	624	618
1	620	613	602	625	626	616	600	604	601	616	612	624	609	605	603	620	633	623	636	650	657
0	496	496	498	518	515	509	509	508	502	501	489	474	462	463	464	449	446	452	458	452	435
0	430	434	438	427	420	408	410	420	422	423	414	426	422	426	429	427	443	449	455	457	471
0	622	633	616	599	595	590	589	578	578	571	577	557	566	568	564	561	550	529	517	519	524
1	530	534	536	543	534	540	547	555	553	544	538	534	546	561	560	559	547	549	545	552	556
1	638	646	663	673	688	683	686	694	693	699	692	690	690	693	697	703	690	688	693	705	726
1	465	472	465	488	506	509	523	532	532	526	508	536	535	534	535	550	551	549	548	559	570
1	575	573	579	591	606	625	608	611	625	641	634	631	635	636	642	626	611	602	608	623	636
0	556	564	555	580	590	590	595	594	588	576	584	565	553	556	547	536	545	523	511	521	503
1	373	370	362	373	391	389	389	381	371	356	378	376	383	376	378	375	393	407	397	424	421
0	395	399	383	392	392	393	399	375	394	366	363	341	344	341	347	351	352	345	323	331	343
0	578	579	573	564	565	542	546	537	529	527	518	521	517	511	505	516	518	535	533	537	528
0	446	451	449	456	466	485	473	454	437	452	456	454	457	447	455	443	454	463	453	445	444
0	329	329	332	329	346	338	342	325	325	320	296	273	267	265	267	258	244	245	244	258	239
1	592	585	599	592	582	578	585	597	591	592	596	600	588	591	606	610	613	604	603	619	622
0	605	605	592	594	577	570	564	551	546	541	537	533	520	510	507	516	516	507	514	526	520
0	533	536	536	526	542	545	546	549	547	539	537	543	545	542	538	532	533	530	525	552	541
0	295	299	289	309	291	290	303	289	288	297	291	283	294	277	281	267	268	264	274	259	257
1	406	395	392	402	409	408	417	427	435	449	441	444	468	488	475	486	489	486	498	523	520
1	233	231	222	225	246	233	244	238	239	245	255	263	281	285	289	281	295	286	292	308	307
1	582	588	582	597	587	586	599	600	602	619	611	605	601	600	604	598	603	589	600	605	600
0	547	557	544	538	540	544	531	533	516	519	524	523	539	522	516	499	500	486	488	474	478
0	648	659	653	659	672	673	682	653	655	660	680	678	672	674	668	669	660	660	655	657	666
0	678	687	682	672	670	672	674	691	703	705	697	692	669	680	680	668	646	642	649	641	644
1	438	441	432	436	450	445	458	469	483	480	492	488	492	498	505	518	518	510	504	483	475
0	453	451	456	448	433	443	432	423	429	418	424	434	452	445	440	427	432	432	426	416	427
0	346	343	348	356	367	379	374	376	384	378	382	363	378	373	381	365	383	367	372	381	375
1	522	539	536	523	513	501	506	521	516	521	508	511	511	499	505	504	521	532	540	539	544
1	621	619	633	646	649	658	675	667	664	673	677	674	656	666	678	692	688	698	698	702	705
0	432	424	414	398	406	408	398	405	405	398	393	409	415	418	415	401	392	393	394	398	398
0	375	372	358	357	359	377	371	376	381	393	396	391	362	374	371	382	376	382	410	406	408
1	421	420	402	384	373	404	403	408	421	439	445	463	500	488	501	505	504	496	496	500	488
0	402	405	402	400	412	421	418	435	442	444	450	446	462	468	468	471	464	467	452	441	425
0	618	629	636	636	646	638	626	653	655	651	649	657	648	635	653	644	636	640	631	634	632
1	469	458	473	457	458	462	472	453	460	465	464	449	449	452	473	473	482	490	481	487	481
0	516	516	515	517	515	499	496	488	493	490	509	505	502	497	519	549	548	559	541	535	546
1	470	463	464	452	450	443	432	444	454	462	467	463	458	462	478	483	471	467	458	457	454
0	679	682	677	681	672	665	640	630	625	628	629	645	661	663	665	682	691	679	673	660	666
0	444	455	448	445	439	448	448	461	448	453	456	456	454	466	458	448	444	442	450	450	455
1	588	576	567	569	577	577	577	582	585	595	579	601	592	595	604	619	622	631	643	650	655
0	619	608	605	593	603	605	578	570	568	535	520	536	544	551	555	550	565	572	567	575	585
1	597	621	615	630	638	654	647	650	656	646	656	659	654	670	680	674	684	691	681	682	685
0	332	335	332	329	333	333	345	339	325	324	326	317	317	320	292	284	281	275	262	259	263
0	556	553	549	534	548	545	546	543	554	550	526	525	518	525	522	515	523	516	513	510	512
1	414	413	407	397	395	400	407	394	391	417	423	434	436	434	432	436	436	437	434	422	432
0	517	510	511	514	519	518	527	524	521	514	518	510	497	494	492	492	471	469	464	458	459
1	700	708	709	718	716	724	710	704	703	713	711	703	691	685	685	674	670	672	668	664	670
1	562	576	584	586	589	579	585	584	569	562	566	558	561	566	590	577	581	567	581	582	585
1	611	614	603	617	605	618	639	648	649	654	673	682	683	676	683	686	698	701	692	690	693
0	394	393	389	390	396	392	388	379	376	373	391	389	388	380	386	381	379	373	378	383	375
0	422	419	414	415	397	410	415	424	432	427	428	411	415	414	423	419	394	402	380	371	387
1	488	493	488	522	524	538	537	547	564	580	589	560	547	545	553	541	543	544	549	551	539
1	440	464	471	466	465	470	497	491	494	495	490	496	513	521	514	531	538	534	549	552	561
1	474	461	453	455	440	445	448	443	464	474	481	483	469	473	478	488	483	497	500	496	500
1	412	417	416	417	416	429	424	420	420	422	434	435	441	436	448	447	447	453	461	468	478
0	445	442	423	417	417	414	417	414	432	434	433	440	449	436	446	467	448	452	443	447	429
1	435	439	437	429	448	446	464	472	480	499	497	493	504	506	517	516	525	536	547	550	537
0	306	293	306	304	304	305	291	280	273	281	298	304	308	294	284	285	271	267	283	292	288
0	492	487	496	490	477	470	449	454	459	428	422	408	404	396	393	393	395	393	400	401	395
0	598	611	609	603	605	608	610	618	611	624	637	629	620	622	622	622	612	601	591	594	603
1	367	379	387	392	402	402	415	410	412	407	386	382	371	371	378	379	387	392	404	411	452
0	488	480	475	491	475	479	486	484	468	475	467	467	444	465	471	484	496	497	472	468	466
0	848	826	821	827	837	829	817	818	809	795	776	779	774	768	770	769	746	749	782	791	781
1	440	439	468	490	482	463	463	466	492	483	477	466	460	475	485	497	497	500	492	490	492
1	526	533	540	543	550	550	541	559	566	567	543	545	554	571	581	569	574	573	577	576	578
1	564	559	562	565	553	539	545	551	531	521	524	524	532	542	551	557	568	571	577	599	633
0	483	487	481	488	469	476	481	466	467	473	462	472	467	471	476	485	474	466	467	459	472
0	289	298	287	301	290	297	299	279	265	258	253	248	251	241	245	252	250	245	243	231	221
1	307	295	301	319	318	337	322	327	320	307	304	312	308	320	328	341	337	335	323	340	348
1	337	323	300	303	309	287	294	294	306	311	314	305	308	313	324	327	325	325	343	358	355
0	641	636	639	637	635	607	600	584	576	560	569	550	542	559	548	542	553	548	539	536	520
1	614	594	592	606	611	622	622	641	639	629	633	623	618	610	611	602	585	569	578	597	616
1	434	430	435	420	413	433	462	466	477	481	494	498	484	487	484	480	474	486	488	495	513
1	543	520	520	525	543	533	543	556	539	541	555	558	578	583	597	593	602	612	610	611	612
0	530	539	531	547	533	518	533	540	537	528	530	529	522	512	500	503	496	479	475	478	474
0	573	564	576	590	586	580	583	576	568	562	559	562	543	550	537	549	551	554	561	553	554
1	606	608	606	606	626	621	619	623	626	625	624	631	622	615	613	622	619	639	647	663	657
1	476	474	485	494	520	518	512	527	544	556	559	571	565	559	558	560	580	586	571	572	580
1	424	420	417	413	412	416	411	419	416	411	416	410	413	413	408	413	406	417	408	400	395
0	523	524	519	517	486	475	491	479	483	494	503	515	508	494	505	515	502	515	528	512	522
1	411	403	401	398	397	397	410	405	426	433	446	455	457	470	484	486	498	498	491	503	509
0	433	437	429	420	399	397	401	382	371	351	331	333	346	341	345	360	356	336	352	343	356
1	420	429	437	424	434	430	435	457	449	447	456	466	453	456	488	485	482	488	480	481	490
0	558	558	549	560	545	528	523	511	494	499	489	494	501	487	488	506	494	507	509	489	503
1	387	398	406	423	432	424	450	458	454	460	456	452	432	433	422	415	413	418	417	431	411
0	550	540	517	520	512	530	539	536	524	523	514	511	506	508	500	493	498	495	492	511	512
1	516	503	515	529	521	527	524	525	529	519	532	527	523	523	514	516	518	514	521	519	517
1	544	534	534	528	554	555	556	550	563	562	579	601	606	597	587	579	579	577	581	584	580
1	541	550	550	550	540	546	564	568	578	563	552	561	571	578	573	577	587	585	592	592	608
1	624	627	631	645	642	630	635	614	587	570	568	563	562	550	550	546	562	560	555	573	580
1	499	505	493	484	500	498	509	517	517	520	532	523	531	535	543	544	538	548	546	557	559
0	638	630	628	618	613	606	601	598	594	598	612	608	594	592	579	573	559	561	549	554	560
0	207	199	181	181	203	208	220	225	220	204	216	215	221	231	225	234	220	226	224	225	203
1	247	251	258	263	261	255	250	262	267	265	265	239	236	248	257	265	278	281	282	278	278
1	448	446	469	476	475	478	481	483	487	497	490	500	503	495	499	485	504	488	489	497	508
1	479	475	470	499	499	519	507	503	510	516	539	540	550	542	541	560	559	567	564	551	577
1	473	482	476	475	467	464	468	466	475	482	476	473	479	476	466	458	451	445	441	435	450
0	568	561	551	557	543	535	560	550	556	546	535	546	545	526	529	530	538	554	555	542	561
1	442	429	442	444	443	441	445	453	435	433	446	443	455	470	474	485	491	504	501	492	492
0	492	488	460	462	455	469	464	458	448	453	456	446	442	420	409	415	418	429	419	436	427
1	681	675	672	653	679	680	681	704	723	728	743	732	730	744	753	766	757	759	765	760	770
1	606	606	619	630	627	631	642	635	641	646	654	661	669	682	667	671	690	694	724	719	742
0	622	616	609	600	586	586	584	592	586	588	587	574	574	567	550	560	551	557	541	536	533
0	447	451	448	450	441	434	439	435	429	423	428	433	441	422	416	425	417	409	398	388	378
0	598	607	600	602	600	597	597	593	596	581	582	587	598	581	582	590	583	592	590	591	608
0	435	421	415	413	407	397	392	385	372	373	384	385	373	371	362	382	390	396	400	402	396
1	405	394	395	395	396	388	392	409	401	397	408	414	403	410	403	405	406	408	389	379	397
1	379	378	363	356	354	358	365	348	358	358	365	364	351	370	375	380	377	395	397	387	407
0	475	465	468	478	478	469	475	474	468	471	470	487	468	456	465	463	460	464	463	471	466
0	436	432	442	453	451	445	458	457	461	455	459	434	441	431	436	432	429	431	428	421	428
0	546	555	537	532	522	517	511	500	501	516	501	495	497	492	488	494	470	469	467	479	470
1	418	411	409	421	425	435	444	457	448	449	454	470	471	460	445	446	464	482	487	485	505
0	506	491	477	480	489	489	502	498	497	481	474	486	491	488	485	462	455	433	421	409	389
1	573	564	570	556	571	576	591	601	602	610	615	617	626	619	628	624	624	640	645	647	646
0	571	545	524	499	486	477	473	443	444	446	448	448	443	462	467	465	464	465	466	467	458
1	552	554	549	540	533	542	548	552	564	578	583	573	573	578	587	612	614	629	632	616	622
1	608	622	622	619	621	621	636	630	626	626	626	642	656	642	647	673	691	707	694	697	687
0	510	503	476	478	473	472	451	451	455	451	450	453	458	460	459	463	470	450	463	474	485
0	328	337	335	338	337	336	325	323	323	331	347	348	347	343	352	360	360	356	367	368	350
1	440	439	456	463	448	445	446	447	437	437	436	445	453	464	459	456	461	462	472	485	492
0	549	541	542	533	532	523	520	508	509	519	514	506	506	501	492	482	477	463	450	457	455
1	502	505	521	523	539	538	527	534	540	531	542	526	536	550	548	553	544	546	535	538	537
1	551	568	573	563	577	573	575	580	572	576	575	574	571	565	567	567	554	565	568	584	595
0	482	483	492	506	501	486	482	487	513	501	491	488	502	503	491	486	489	499	488	490	481
0	573	550	558	544	558	555	565	548	550	546	524	533	528	538	545	545	540	551	552	546	552
1	464	455	453	453	453	447	451	439	433	415	421	427	436	448	447	466	472	473	481	481	484
0	484	503	498	485	489	489	491	489	495	490	510	519	525	506	508	509	501	487	482	479	466
1	409	400	395	393	391	368	358	365	364	396	380	373	376	376	381	393	413	432	438	447	446
0	458	467	463	463	471	486	485	503	513	516	505	490	484	471	474	482	483	484	479	481	477
0	492	483	495	480	475	458	457	458	451	438	424	414	413	406	414	404	414	420	417	400	399
0	591	573	565	567	572	576	561	541	533	527	528	546	534	545	553	562	575	587	583	590	562
1	603	607	612	620	619	629	632	651	654	640	659	688	681	691	694	702	689	679	676	679	691
1	467	460	449	435	419	417	421	429	443	450	446	439	450	443	451	442	449	444	446	440	437
1	618	633	644	637	626	620	624	628	645	643	649	650	656	669	659	659	659	649	675	687	695
1	645	638	647	664	647	642	643	627	630	624	628	612	629	619	620	628	638	638	661	659	667
1	426	410	421	423	435	423	424	432	427	423	446	464	453	439	438	441	451	438	451	440	443
1	558	546	548	553	576	579	589	601	597	584	575	575	571	576	566	572	598	614	615	607	622
1	475	487	482	483	471	469	458	468	470	464	456	457	453	461	477	481	495	492	514	519	533
1	573	568	579	577	557	565	566	568	571	558	556	564	583	582	596	594	583	587	602	595	605
0	484	475	477	481	479	478	474	483	489	495	484	472	486	478	473	480	465	462	464	471	454
1	421	401	409	396	389	375	381	373	376	385	397	397	398	401	413	411	402	401	392	410	416
0	607	602	596	591	591	597	587	587	564	558	543	535	542	534	529	516	518	512	506	501	507
1	475	477	469	464	471	477	474	494	489	474	463	454	450	469	467	466	478	480	476	470	466
1	292	290	305	326	324	332	337	326	323	335	336	330	346	352	352	367	375	372	370	350	332
0	454	446	446	449	455	440	442	439	442	427	412	393	392	384	389	381	379	367	355	360	360
1	454	454	463	459	481	495	508	532	544	556	565	579	590	605	616	609	609	616	622	626	623
1	601	613	606	607	610	610	617	601	576	581	588	585	604	600	627	615	620	626	635	622	628
0	550	537	532	521	517	536	536	534	523	524	514	506	496	496	494	499	487	482	473	468	484
1	477	481	482	482	484	491	501	515	533	528	527	530	527	519	523	518	518	518	503	503	507
0	653	649	656	645	645	652	673	657	660	658	657	650	647	654	640	646	639	625	620	621	617
1	438	434	428	432	423	438	430	428	431	434	438	442	401	412	395	383	375	377	373	382	372
0	610	615	596	598	581	566	546	548	547	533	514	508	505	510	515	523	524	521	511	504	491
0	417	411	408	415	435	436	420	417	432	440	424	424	436	456	451	444	451	461	472	459	460
1	378	378	378	374	367	372	385	390	399	398	419	424	403	397	406	423	422	424	425	438	460
0	336	335	332	335	333	356	356	335	335	319	326	307	302	301	311	300	311	302	295	297	301
0	499	488	496	498	487	478	479	504	492	494	500	518	513	517	509	513	514	501	492	514	518
0	623	615	595	597	598	604	598	580	564	554	540	536	535	532	520	533	538	543	532	523	517
0	392	378	387	392	393	394	379	371	375	364	346	371	384	390	392	380	373	386	384	404	397
1	632	634	632	624	627	626	644	641	656	659	660	677	689	697	705	721	713	707	720	728	725
0	530	548	547	528	534	514	512	521	520	501	498	509	514	512	513	501	499	481	486	482	482
1	469	474	489	490	475	459	477	482	490	491	485	497	489	479	478	482	461	456	446	445	461
0	479	480	472	458	439	448	446	450	465	461	453	443	431	431	428	429	414	404	412	400	413
0	629	628	626	622	624	617	617	591	602	596	598	614	610	607	582	580	591	594	601	583	571
1	510	512	519	521	528	534	549	542	539	558	556	580	581	586	598	602	607	608	598	598	594
1	532	534	527	532	511	490	508	507	509	505	489	488	473	472	474	488	475	471	475	491	478
0	505	489	486	478	489	469	467	455	452	436	435	441	448	457	459	463	438	434	435	444	459
1	453	471	477	489	479	478	463	466	456	471	470	458	463	452	462	457	466	461	447	454	457
0	430	424	419	413	412	398	383	383	375	353	354	351	342	335	333	326	332	334	329	341	344
0	415	402	414	400	403	403	397	391	383	370	366	370	365	369	361	360	350	342	346	351	360
1	418	438	434	440	442	444	442	449	457	448	442	449	458	456	454	464	471	474	465	448	456
1	355	341	350	360	341	337	345	342	349	360	374	367	374	386	374	365	370	386	385	380	395
1	407	426	425	408	413	430	428	428	421	423	416	391	382	378	385	382	387	388	384	410	425
1	667	666	662	684	686	694	695	694	696	705	689	696	704	715	720	728	733	737	753	765	760
0	701	697	684	689	677	668	668	675	682	691	679	677	669	658	672	654	648	654	667	671	684
1	419	436	443	427	416	416	402	421	434	430	416	412	404	389	378	382	378	393	392	410	411
1	655	652	657	664	668	664	667	664	677	676	678	673	686	684	665	648	636	646	635	620	630
1	490	490	491	476	466	474	467	462	467	469	478	475	474	475	465	463	453	455	467	466	451
1	494	489	518	533	522	519	517	499	518	506	516	528	510	535	536	543	541	546	555	573	593
0	460	455	451	452	461	460	448	453	447	434	431	418	419	424	426	414	419	427	422	427	424
1	256	262	286	287	277	289	304	321	327	347	336	331	332	330	317	326	337	345	339	336	338
1	539	537	538	540	540	531	532	530	516	513	508	517	495	503	511	515	541	539	529	543	553
0	443	427	448	453	456	428	417	418	417	410	412	390	391	403	385	379	370	377	379	358	355
1	426	425	429	449	442	418	415	432	429	418	411	400	418	410	421	436	433	439	424	412	420
0	506	494	501	499	500	487	482	485	494	487	468	460	464	459	458	459	459	452	436	440	448
1	567	571	587	582	597	591	587	581	591	576	601	620	622	619	613	606	602	597	601	623	610
0	744	770	768	755	754	761	743	716	699	698	716	726	731	733	751	753	760	744	736	754	761
0	383	363	348	351	374	380	374	394	395	398	391	394	382	393	374	378	365	357	350	342	336
1	321	328	324	314	316	317	316	315	316	320	333	351	354	344	346	352	348	370	379	381	389
1	562	572	560	576	588	589	590	595	580	589	599	604	611	609	598	591	612	614	608	615	620
0	640	616	615	620	608	602	601	594	591	559	561	566	558	564	571	573	568	551	551	548	546
0	489	480	480	490	496	502	516	513	508	490	497	480	469	473	463	484	467	469	478	462	448
1	436	423	444	439	427	434	431	428	443	442	456	446	440	434	427	453	448	445	442	449	460
0	636	634	625	626	626	621	624	618	619	608	617	623	623	625	634	624	627	623	615	605	590
1	625	620	612	615	620	630	626	626	627	631	631	635	623	628	630	618	626	625	643	643	665
1	457	471	482	495	498	504	518	513	517	513	524	509	519	516	513	500	499	497	501	496	500
1	523	522	528	522	519	508	510	523	520	531	533	552	565	573	571	575	569	581	584	589	596
0	525	529	506	502	496	489	489	510	507	517	522	521	513	504	516	505	514	514	507	513	542
0	485	481	500	491	479	487	472	457	451	455	444	437	436	412	413	422	410	406	409	407	398
1	492	506	499	498	488	484	490	480	485	483	491	487	487	502	502	507	514	506	513	504	520
1	535	546	538	536	526	521	521	532	533	528	522	526	531	533	536	531	543	558	564	572	575
0	568	569	585	589	590	585	589	599	611	606	602	592	596	583	583	580	580	583	586	580	573
0	419	430	429	428	444	450	447	445	448	449	450	451	434	430	422	411	417	435	425	434	425
0	639	625	630	636	646	637	625	618	625	617	606	610	603	585	569	577	577	578	571	575	585
0	444	447	455	452	447	454	460	448	446	462	447	444	467	459	454	445	451	447	464	485	480
1	543	562	577	582	590	583	577	597	590	603	608	619	633	635	639	646	650	662	678	681	691
1	597	599	602	603	605	618	633	641	631	619	614	613	611	606	599	595	593	606	591	596	594
1	453	448	461	471	466	473	464	459	454	470	474	478	502	508	508	518	516	507	512	507	511
0	375	379	365	375	388	391	389	386	384	393	394	390	386	385	390	393	388	375	381	380	382
1	543	527	517	504	483	506	500	516	524	526	515	502	506	508	500	501	499	496	502	509	502
1	534	512	514	508	503	508	519	516	517	505	508	503	492	493	488	484	476	463	476	490	490
0	436	411	405	410	403	409	387	402	402	402	401	414	394	396	398	410	415	425	406	419	410
0	363	382	378	371	371	377	378	367	386	375	384	397	389	415	411	422	420	407	411	420	413
1	464	457	464	467	455	471	486	490	490	493	514	526	534	545	537	545	545	553	547	544	536
0	486	494	488	489	508	503	521	509	508	506	502	507	498	493	504	495	506	532	543	536	524
1	632	634	638	645	654	668	669	661	657	637	625	627	636	644	647	648	671	686	688	713	711
0	571	599	585	581	573	581	564	560	558	561	572	562	575	569	561	559	552	563	557	572	578
1	393	385	389	403	422	421	423	422	415	414	428	438	426	443	449	459	464	454	460	479	484
0	601	597	582	579	590	581	585	590	580	588	585	589	589	580	592	578	568	566	575	558	564
1	422	443	424	427	432	444	428	449	441	446	446	450	431	437	438	450	444	453	465	453	460
1	450	449	440	438	442	436	433	428	448	467	485	502	503	508	510	522	503	485	484	495	516
0	503	509	514	523	516	516	519	506	510	515	504	501	514	493	499	484	479	447	459	449	449
1	599	608	600	615	621	621	624	636	634	647	631	632	640	651	641	649	666	674	671	666	666
0	577	589	580	579	580	580	582	576	570	589	588	592	596	595	602	591	595	618	625	619	615
1	222	234	245	244	258	258	248	239	257	246	239	209	225	218	219	241	255	264	277	293	288
1	510	528	522	535	539	526	535	548	541	531	556	560	566	565	557	548	561	562	570	572	559
0	450	438	439	430	428	427	421	401	409	396	397	404	398	400	401	400	399	386	381	391	389
1	453	444	449	436	447	432	435	450	465	458	462	461	479	483	494	496	487	508	493	497	497
1	357	346	361	367	376	382	384	390	389	384	375	390	408	423	417	425	438	422	434	431	445
0	579	601	605	613	615	618	632	634	630	626	626	615	605	600	596	576	566	568	566	576	562
0	476	466	454	449	436	445	444	435	422	439	439	449	463	454	456	474	465	456	473	470	477
1	555	570	562	579	593	590	571	575	570	577	581	581	588	587	598	599	598	616	617	635	626
1	554	550	546	550	532	529	527	524	517	503	510	508	505	498	494	503	495	488	473	487	495
1	648	649	659	684	688	694	699	720	723	727	749	748	763	767	767	768	774	781	791	775	790
0	403	385	380	371	364	365	359	354	352	344	340	333	342	357	346	348	334	310	339	348	354
0	458	445	463	459	440	438	439	439	431	448	432	436	431	444	465	468	474	483	484	484	481
0	601	598	613	614	600	597	596	612	600	587	594	585	580	564	558	557	558	547	549	544	541
0	529	542	508	522	528	520	513	506	491	480	470	462	451	442	432	421	414	415	411	431	440
0	606	610	598	612	603	597	611	606	610	595	601	624	613	604	601	616	595	587	577	576	561
0	378	373	387	374	368	365	353	347	336	318	307	314	310	294	317	324	320	338	325	330	325
0	532	536	548	530	522	508	490	488	483	483	484	473	488	486	479	480	490	489	480	490	478
1	498	498	490	491	506	500	499	515	532	540	532	536	539	549	560	560	574	578	576	570	573
0	450	446	455	452	439	443	431	434	426	424	427	420	431	432	428	429	427	426	414	421	407
0	507	508	495	505	512	532	545	537	545	548	563	560	548	539	535	534	536	550	560	566	543
0	627	627	609	605	597	608	608	613	606	603	588	582	591	597	613	601	594	598	576	582	575
0	591	584	577	587	597	597	586	566	587	598	596	600	605	600	597	597	606	591	591	586	588
1	600	618	628	626	622	631	655	652	632	638	639	652	638	649	641	641	626	647	653	668	685
0	495	491	497	493	484	486	478	478	478	466	458	460	462	449	442	437	418	419	415	413	412
0	446	439	442	442	422	415	428	431	448	449	453	462	460	443	436	443	439	424	412	412	431
0	468	475	478	455	456	445	458	469	464	451	432	424	418	420	436	435	417	430	425	429	426
1	603	595	590	589	579	582	581	591	600	602	590	590	578	609	624	628	618	627	614	616	604
0	520	509	504	499	499	493	502	482	477	483	483	490	479	477	473	477	494	478	473	493	482
0	548	544	543	548	548	541	546	555	563	570	574	562	570	552	548	557	580	574	549	556	558
1	570	568	558	556	555	553	565	575	578	591	587	571	567	570	576	575	581	597	582	590	576
0	589	575	568	552	568	573	571	567	563	558	561	555	548	529	530	522	529	533	521	512	522
0	551	536	511	511	496	478	468	474	469	464	458	463	446	446	449	445	428	433	432	425	426
0	510	515	501	498	495	481	468	452	458	461	449	458	458	451	454	455	461	455	462	457	465
0	516	507	510	505	500	497	481	458	467	480	494	482	482	490	483	490	472	458	454	454	446
0	522	516	510	496	495	506	503	502	506	515	513	505	497	474	473	470	470	473	460	464	462
1	579	579	587	597	588	594	595	595	597	606	598	586	573	588	578	580	587	602	609	607	615
0	500	501	519	525	519	527	516	511	516	515	521	512	510	493	488	496	486	490	487	462	474
0	415	417	431	428	440	452	441	445	442	437	439	425	398	401	386	403	405	380	382	370	365
1	471	460	452	457	454	469	459	446	466	472	463	472	462	472	471	471	459	468	473	461	466
0	585	582	570	560	556	569	556	549	546	557	558	555	566	580	578	561	577	585	587	574	570
1	406	411	409	416	413	408	415	427	439	439	432	415	423	424	424	450	454	458	464	460	460
0	459	465	454	444	424	415	407	390	375	378	374	381	378	366	375	381	359	346	323	327	312
1	620	619	630	634	632	648	658	664	653	652	656	642	648	652	653	650	657	659	666	673	651
0	608	600	602	594	584	585	570	578	586	578	564	564	561	552	555	549	552	555	565	553	539
1	445	449	450	440	425	432	435	423	417	416	422	440	434	450	439	442	428	428	415	422	412
0	513	506	504	493	496	489	497	520	513	511	496	489	476	474	471	475	471	465	486	502	499
1	440	446	460	449	459	463	470	487	504	506	497	511	507	510	503	504	506	509	526	526	518
1	643	643	662	662	654	664	677	686	704	693	692	692	702	707	707	728	722	718	724	750	745
0	664	659	664	668	654	640	659	663	657	662	663	650	647	662	649	649	668	671	663	673	670
1	583	578	577	563	565	564	571	578	589	571	590	580	587	581	579	591	596	601	606	606	620
1	421	416	407	401	408	404	402	394	408	391	385	387	389	399	406	421	421	421	441	436	441
1	351	341	359	377	384	394	396	391	397	402	407	392	403	420	436	440	448	442	455	454	470
0	629	607	614	619	585	573	562	547	554	554	547	531	520	540	527	533	548	557	555	546	545
1	424	406	398	386	392	394	406	412	403	396	388	384	398	399	413	414	425	433	435	422	436
0	673	683	680	678	686	679	695	688	700	705	714	706	715	704	703	687	686	687	673	678	670
0	440	441	445	457	450	459	466	474	486	509	487	491	488	491	493	481	484	475	497	487	497
1	616	634	641	676	697	681	668	662	666	668	668	664	671	681	674	668	673	673	694	692	674
1	555	542	535	540	536	525	523	537	533	530	556	551	564	553	548	558	546	555	552	564	563
0	606	610	623	628	611	612	615	614	601	602	606	626	621	622	612	632	631	640	640	653	655
1	486	480	480	492	498	508	506	522	528	517	543	550	551	541	547	561	562	556	548	575	578
0	661	662	660	678	674	685	690	701	699	700	684	686	689	679	682	679	679	678	675	677	678
0	473	449	444	436	424	417	435	415	410	414	414	407	396	389	392	388	385	387	385	386	374
0	559	544	531	533	525	527	524	515	513	522	513	522	518	525	527	516	513	508	526	521	523
1	621	621	606	600	607	618	618	610	610	610	640	644	635	629	633	629	639	640	651	654	656
0	603	603	590	575	572	570	573	561	556	574	568	555	564	559	559	567	545	548	548	546	535
1	496	511	513	511	516	513	522	530	527	546	544	546	556	550	541	556	564	566	564	571	574
1	429	440	455	441	451	457	451	442	445	438	434	436	440	453	452	455	449	442	456	460	473
1	461	474	489	503	504	502	511	521	520	513	508	496	486	500	516	531	528	535	548	555	579
1	763	778	788	790	792	784	783	778	785	779	775	784	793	812	804	809	829	822	828	833	840
0	448	447	453	427	422	394	383	393	393	394	396	398	395	402	389	398	408	410	411	415	418
1	369	374	372	393	380	381	394	386	384	397	408	407	409	401	400	413	410	403	388	392	398
